0.002702 0.025264
0.004042 0.025076
0.005375 0.024847
0.006699 0.024578
0.008013 0.024270
0.009314 0.023923
0.010600 0.023539
0.011870 0.023119
0.013123 0.022665
0.014357 0.022178
0.015570 0.021660
0.016763 0.021112
0.017933 0.020537
0.019081 0.019936
0.020206 0.019311
0.021308 0.018663
0.022386 0.017995
0.023440 0.017308
0.024470 0.016603
0.025476 0.015882
0.026459 0.015146
0.027419 0.014397
0.028355 0.013635
0.029269 0.012863
0.030161 0.012081
0.031031 0.011291
0.031880 0.010492
0.032707 0.009687
0.033515 0.008876
0.034302 0.008059
0.035070 0.007238
0.035819 0.006413
0.036550 0.005584
0.037262 0.004753
0.037958 0.003920
0.038636 0.003085
0.039298 0.002248
0.039944 0.001411
0.040574 0.000573
0.041189 -0.000265
0.041790 -0.001103
0.042377 -0.001941
0.042949 -0.002778
0.043509 -0.003614
0.044055 -0.004449
0.044588 -0.005283
0.045109 -0.006115
0.045619 -0.006946
0.046116 -0.007775
0.046603 -0.008602
0.047078 -0.009427
0.047543 -0.010250
0.047997 -0.011071
0.048442 -0.011889
0.048876 -0.012705
0.049301 -0.013519
0.049717 -0.014330
0.050123 -0.015138
0.050521 -0.015943
0.050910 -0.016746
0.051291 -0.017547
0.051663 -0.018344
0.052028 -0.019138
0.052385 -0.019930
0.052734 -0.020719
0.053076 -0.021505
0.053411 -0.022288
0.053739 -0.023068
0.054060 -0.023845
0.054374 -0.024620
0.054682 -0.025391
0.054983 -0.026159
0.055279 -0.026925
0.055568 -0.027687
0.055851 -0.028446
0.056128 -0.029203
0.056400 -0.029956
0.056666 -0.030707
0.056927 -0.031455
0.057182 -0.032199
0.057432 -0.032941
0.057677 -0.033680
0.057917 -0.034416
0.058153 -0.035149
0.058383 -0.035879
0.058609 -0.036606
0.058830 -0.037331
0.059047 -0.038052
0.059259 -0.038771
0.059467 -0.039487
0.059671 -0.040200
0.059870 -0.040910
0.060066 -0.041618
0.060257 -0.042323
0.060445 -0.043025
0.060629 -0.043724
0.060809 -0.044421
0.060985 -0.045114
0.061158 -0.045806
0.061327 -0.046494
0.061493 -0.047180
0.061655 -0.047863
0.061814 -0.048544
0.061969 -0.049222
0.062122 -0.049897
0.062271 -0.050570
0.062417 -0.051241
0.062559 -0.051908
0.062699 -0.052574
0.062836 -0.053236
0.062970 -0.053896
0.063101 -0.054554
0.063229 -0.055210
0.063354 -0.055862
0.063477 -0.056513
0.063597 -0.057161
0.063714 -0.057807
0.063828 -0.058450
0.063940 -0.059091
0.064050 -0.059729
0.064157 -0.060365
0.064261 -0.060999
0.064363 -0.061631
0.064463 -0.062260
0.064560 -0.062887
0.064655 -0.063512
0.064748 -0.064135
0.064839 -0.064755
0.064927 -0.065373
0.065013 -0.065989
0.065097 -0.066603
0.065179 -0.067214
0.065258 -0.067824
0.065336 -0.068431
0.065412 -0.069036
0.065485 -0.069639
0.065557 -0.070240
0.065627 -0.070839
0.065694 -0.071435
0.065760 -0.072030
0.065824 -0.072623
0.065886 -0.073213
0.065947 -0.073802
0.066005 -0.074388
0.066062 -0.074973
0.066117 -0.075555
0.066170 -0.076136
0.066222 -0.076715
0.066272 -0.077291
0.066320 -0.077866
0.066367 -0.078439
0.066412 -0.079010
0.066455 -0.079579
0.066497 -0.080146
0.066537 -0.080711
0.066576 -0.081274
0.066613 -0.081836
0.066648 -0.082395
0.066683 -0.082953
0.066715 -0.083509
0.066747 -0.084063
0.066776 -0.084616
0.066805 -0.085166
0.066832 -0.085715
0.066857 -0.086262
0.066882 -0.086807
0.066905 -0.087351
0.066926 -0.087893
0.066946 -0.088433
0.066965 -0.088971
0.066983 -0.089507
0.066999 -0.090042
0.067015 -0.090576
0.067028 -0.091107
0.067041 -0.091637
0.067053 -0.092165
0.067063 -0.092692
0.067072 -0.093216
0.067080 -0.093740
0.067086 -0.094261
0.067092 -0.094781
0.067096 -0.095300
0.067100 -0.095816
0.067102 -0.096331
0.067103 -0.096845
0.067103 -0.097357
0.067102 -0.097867
0.067099 -0.098376
0.067096 -0.098884
0.067092 -0.099389
0.067086 -0.099894
0.067080 -0.100396
0.067073 -0.100897
0.067064 -0.101397
0.067055 -0.101895
0.067044 -0.102392
0.067033 -0.102887
0.067021 -0.103381
0.067008 -0.103873
0.066993 -0.104364
0.066978 -0.104853
0.066962 -0.105341
0.066945 -0.105827
0.066927 -0.106312
0.066908 -0.106796
0.066888 -0.107278
0.066868 -0.107758
0.066846 -0.108237
0.066824 -0.108715
0.066801 -0.109192
0.066777 -0.109667
0.066752 -0.110140
0.066726 -0.110613
0.066700 -0.111084
0.066672 -0.111553
0.066644 -0.112021
0.066615 -0.112488
0.066585 -0.112954
0.066554 -0.113418
0.066523 -0.113881
0.066491 -0.114342
0.066458 -0.114802
0.066424 -0.115261
0.066390 -0.115718
0.066355 -0.116175
0.066319 -0.116630
0.066282 -0.117083
0.066245 -0.117536
0.066206 -0.117987
0.066168 -0.118436
0.066128 -0.118885
0.066088 -0.119332
0.066047 -0.119778
0.066005 -0.120223
0.065963 -0.120666
0.065920 -0.121108
0.065876 -0.121549
0.065832 -0.121989
0.065787 -0.122428
0.065741 -0.122865
0.065695 -0.123301
0.065648 -0.123736
0.065600 -0.124170
0.065552 -0.124602
0.065503 -0.125033
0.065453 -0.125463
0.065403 -0.125892
0.065353 -0.126320
0.065301 -0.126746
0.065249 -0.127172
0.065197 -0.127596
0.065144 -0.128019
0.065090 -0.128441
0.065035 -0.128861
0.064981 -0.129281
0.064925 -0.129699
0.064869 -0.130117
0.064812 -0.130533
0.064755 -0.130948
0.064697 -0.131362
0.064639 -0.131774
0.064580 -0.132186
0.064521 -0.132596
0.064461 -0.133006
0.064400 -0.133414
0.064339 -0.133821
0.064278 -0.134227
0.064216 -0.134632
0.064153 -0.135036
0.064090 -0.135439
0.064027 -0.135841
0.063962 -0.136241
0.063898 -0.136641
0.063833 -0.137039
0.063767 -0.137437
0.063701 -0.137833
0.063634 -0.138228
0.063567 -0.138623
0.063500 -0.139016
0.063432 -0.139408
0.063363 -0.139799
0.063294 -0.140189
0.063225 -0.140578
0.063155 -0.140966
0.063084 -0.141353
0.063014 -0.141739
0.062942 -0.142124
0.062870 -0.142508
0.062798 -0.142891
0.062726 -0.143273
0.062653 -0.143654
0.062579 -0.144033
0.062505 -0.144412
0.062431 -0.144790
0.062356 -0.145167
0.062281 -0.145543
0.062205 -0.145918
0.062129 -0.146292
0.062052 -0.146665
0.061975 -0.147037
0.061898 -0.147407
0.061820 -0.147777
0.061742 -0.148146
0.061664 -0.148515
0.061585 -0.148882
0.061505 -0.149248
0.061426 -0.149613
0.061346 -0.149977
0.061265 -0.150341
0.061184 -0.150703
0.061103 -0.151064
0.061021 -0.151425
0.060939 -0.151784
0.060857 -0.152143
0.060774 -0.152500
0.060691 -0.152857
0.060607 -0.153213
0.060523 -0.153568
0.060439 -0.153922
0.060354 -0.154275
0.060270 -0.154627
0.060184 -0.154978
0.060099 -0.155328
0.060012 -0.155678
0.059926 -0.156026
0.059839 -0.156374
0.059752 -0.156721
0.059665 -0.157066
0.059577 -0.157411
0.059489 -0.157755
0.059401 -0.158098
0.059312 -0.158441
0.059223 -0.158782
0.059133 -0.159122
0.059044 -0.159462
0.058954 -0.159801
0.058863 -0.160139
0.058772 -0.160476
0.058681 -0.160812
0.058590 -0.161147
0.058498 -0.161481
0.058407 -0.161815
0.058314 -0.162148
0.058222 -0.162479
0.058129 -0.162810
0.058036 -0.163140
0.057942 -0.163470
0.057848 -0.163798
0.057754 -0.164126
0.057660 -0.164452
0.057565 -0.164778
0.057470 -0.165103
0.057375 -0.165428
0.057279 -0.165751
0.057184 -0.166074
0.057087 -0.166395
0.056991 -0.166716
0.056894 -0.167036
0.056797 -0.167356
0.056700 -0.167674
0.056603 -0.167992
0.056505 -0.168309
0.056407 -0.168625
0.056308 -0.168940
0.056210 -0.169254
0.056111 -0.169568
0.056012 -0.169881
0.055912 -0.170192
0.055813 -0.170504
0.055713 -0.170814
0.055613 -0.171124
0.055512 -0.171432
0.055412 -0.171740
0.055311 -0.172048
0.055209 -0.172354
0.055108 -0.172660
0.055006 -0.172965
0.054904 -0.173269
0.054802 -0.173572
0.054700 -0.173875
0.054597 -0.174176
0.054494 -0.174477
0.054391 -0.174778
0.054287 -0.175077
0.054184 -0.175376
0.054080 -0.175674
0.053976 -0.175971
0.053871 -0.176267
0.053767 -0.176563
0.053662 -0.176858
0.053557 -0.177152
0.053452 -0.177445
0.053346 -0.177738
0.053240 -0.178029
0.053134 -0.178321
0.053028 -0.178611
0.052922 -0.178901
0.052815 -0.179189
0.052708 -0.179478
0.052601 -0.179765
0.052494 -0.180052
0.052387 -0.180337
0.052279 -0.180623
0.052171 -0.180907
0.052063 -0.181191
0.051955 -0.181474
0.051846 -0.181756
0.051737 -0.182037
0.051628 -0.182318
0.051519 -0.182598
0.051410 -0.182878
0.051300 -0.183156
0.051190 -0.183434
0.051080 -0.183711
0.050970 -0.183988
0.050860 -0.184264
0.050749 -0.184539
0.050639 -0.184813
0.050528 -0.185087
0.050417 -0.185360
0.050305 -0.185632
0.050194 -0.185903
0.050082 -0.186174
0.049970 -0.186444
0.049858 -0.186714
0.049746 -0.186982
0.049633 -0.187250
0.049521 -0.187518
0.049408 -0.187784
0.049295 -0.188050
0.049182 -0.188315
0.049068 -0.188580
0.048955 -0.188844
0.048841 -0.189107
0.048727 -0.189369
0.048613 -0.189631
0.048499 -0.189892
0.048384 -0.190153
0.048270 -0.190412
0.048155 -0.190672
0.048040 -0.190930
0.047925 -0.191188
0.047809 -0.191445
0.047694 -0.191701
0.047578 -0.191957
0.047463 -0.192212
0.047347 -0.192466
0.047230 -0.192720
0.047114 -0.192973
0.046998 -0.193225
0.046881 -0.193477
0.046764 -0.193728
0.046647 -0.193978
0.046530 -0.194228
0.046413 -0.194477
0.046296 -0.194725
0.046178 -0.194973
0.046060 -0.195220
0.045943 -0.195467
0.045825 -0.195713
0.045706 -0.195958
0.045588 -0.196202
0.045470 -0.196446
0.045351 -0.196689
0.045232 -0.196932
0.045113 -0.197174
0.044994 -0.197415
0.044875 -0.197655
0.044756 -0.197895
0.044636 -0.198135
0.044516 -0.198373
0.044397 -0.198611
0.044277 -0.198849
0.044157 -0.199086
0.044036 -0.199322
0.043916 -0.199557
0.043795 -0.199792
0.043675 -0.200026
0.043554 -0.200260
0.043433 -0.200493
0.043312 -0.200725
0.043191 -0.200957
0.043070 -0.201188
0.042948 -0.201419
0.042827 -0.201648
0.042705 -0.201878
0.042583 -0.202106
0.042461 -0.202334
0.042339 -0.202562
0.042217 -0.202788
0.042094 -0.203015
0.041972 -0.203240
0.041849 -0.203465
0.041726 -0.203689
0.041604 -0.203913
0.041481 -0.204136
0.041357 -0.204359
0.041234 -0.204580
0.041111 -0.204802
0.040987 -0.205022
0.040864 -0.205242
0.040740 -0.205462
0.040616 -0.205681
0.040492 -0.205899
0.040368 -0.206116
0.040244 -0.206333
0.040120 -0.206550
0.039995 -0.206766
0.039871 -0.206981
0.039746 -0.207195
0.039621 -0.207410
0.039496 -0.207623
0.039371 -0.207836
0.039246 -0.208048
0.039121 -0.208260
0.038996 -0.208471
0.038870 -0.208681
0.038745 -0.208891
0.038619 -0.209100
0.038493 -0.209309
0.038367 -0.209517
0.038241 -0.209725
0.038115 -0.209932
0.037989 -0.210138
0.037863 -0.210344
0.037736 -0.210549
0.037610 -0.210754
0.037483 -0.210958
0.037356 -0.211161
0.037229 -0.211364
0.037103 -0.211566
0.036975 -0.211768
0.036848 -0.211969
0.036721 -0.212170
0.036594 -0.212370
0.036466 -0.212569
0.036339 -0.212768
0.036211 -0.212966
0.036083 -0.213164
0.035956 -0.213361
0.035828 -0.213558
0.035700 -0.213754
0.035572 -0.213949
0.035443 -0.214144
0.035315 -0.214338
0.035187 -0.214532
0.035058 -0.214725
0.034930 -0.214918
0.034801 -0.215110
0.034672 -0.215301
0.034543 -0.215492
0.034414 -0.215683
0.034285 -0.215872
0.034156 -0.216062
0.034027 -0.216250
0.033898 -0.216439
0.033768 -0.216626
0.033639 -0.216813
0.033509 -0.217000
0.033380 -0.217186
0.033250 -0.217371
0.033120 -0.217556
0.032990 -0.217740
0.032860 -0.217924
0.032730 -0.218107
0.032600 -0.218289
0.032470 -0.218471
0.032340 -0.218653
0.032209 -0.218834
0.032079 -0.219014
0.031948 -0.219194
0.031818 -0.219374
0.031687 -0.219552
0.031556 -0.219731
0.031425 -0.219908
0.031294 -0.220085
0.031163 -0.220262
0.031032 -0.220438
0.030901 -0.220614
0.030770 -0.220789
0.030638 -0.220963
0.030507 -0.221137
0.030376 -0.221310
0.030244 -0.221483
0.030112 -0.221656
0.029981 -0.221827
0.029849 -0.221999
0.029717 -0.222169
0.029585 -0.222339
0.029453 -0.222509
0.029321 -0.222678
0.029189 -0.222847
0.029057 -0.223015
0.028925 -0.223182
0.028792 -0.223349
0.028660 -0.223516
0.028528 -0.223682
0.028395 -0.223847
0.028263 -0.224012
0.028130 -0.224176
0.027997 -0.224340
0.027864 -0.224504
0.027732 -0.224666
0.027599 -0.224829
0.027466 -0.224990
0.027333 -0.225152
0.027199 -0.225312
0.027066 -0.225472
0.026933 -0.225632
0.026800 -0.225791
0.026666 -0.225950
0.026533 -0.226108
0.026400 -0.226266
0.026266 -0.226423
0.026132 -0.226579
0.025999 -0.226735
0.025865 -0.226891
0.025731 -0.227046
0.025597 -0.227200
0.025464 -0.227354
0.025330 -0.227508
0.025196 -0.227661
0.025062 -0.227813
0.024927 -0.227965
0.024793 -0.228116
0.024659 -0.228267
0.024525 -0.228418
0.024390 -0.228568
0.024256 -0.228717
0.024122 -0.228866
0.023987 -0.229014
0.023853 -0.229162
0.023718 -0.229309
0.023583 -0.229456
0.023449 -0.229603
0.023314 -0.229748
0.023179 -0.229894
0.023044 -0.230039
0.022909 -0.230183
0.022774 -0.230327
0.022639 -0.230470
0.022504 -0.230613
0.022369 -0.230755
0.022234 -0.230897
0.022099 -0.231038
0.021963 -0.231179
0.021828 -0.231320
0.021693 -0.231459
0.021557 -0.231599
0.021422 -0.231738
0.021286 -0.231876
0.021151 -0.232014
0.021015 -0.232151
0.020880 -0.232288
0.020744 -0.232424
0.020608 -0.232560
0.020473 -0.232696
0.020337 -0.232831
0.020201 -0.232965
0.020065 -0.233099
0.019929 -0.233232
0.019793 -0.233365
0.019657 -0.233498
0.019521 -0.233630
0.019385 -0.233761
0.019249 -0.233892
0.019113 -0.234022
0.018976 -0.234152
0.018840 -0.234282
0.018704 -0.234411
0.018568 -0.234539
0.018431 -0.234668
0.018295 -0.234795
0.018158 -0.234922
0.018022 -0.235049
0.017885 -0.235175
0.017749 -0.235300
0.017612 -0.235426
0.017476 -0.235550
0.017339 -0.235674
0.017202 -0.235798
0.017066 -0.235921
0.016929 -0.236044
0.016792 -0.236166
0.016655 -0.236288
0.016518 -0.236409
0.016381 -0.236530
0.016244 -0.236650
0.016107 -0.236770
0.015970 -0.236890
0.015833 -0.237009
0.015696 -0.237127
0.015559 -0.237245
0.015422 -0.237362
0.015285 -0.237479
0.015148 -0.237596
0.015011 -0.237712
0.014873 -0.237827
0.014736 -0.237943
0.014599 -0.238057
0.014461 -0.238171
0.014324 -0.238285
0.014187 -0.238398
0.014049 -0.238511
0.013912 -0.238623
0.013774 -0.238735
0.013637 -0.238846
0.013499 -0.238957
0.013362 -0.239067
0.013224 -0.239177
0.013086 -0.239287
0.012949 -0.239396
0.012811 -0.239504
0.012673 -0.239612
0.012536 -0.239720
0.012398 -0.239827
0.012260 -0.239934
0.012122 -0.240040
0.011985 -0.240145
0.011847 -0.240251
0.011709 -0.240355
0.011571 -0.240460
0.011433 -0.240564
0.011295 -0.240667
0.011157 -0.240770
0.011019 -0.240872
0.010881 -0.240974
0.010743 -0.241076
0.010605 -0.241177
0.010467 -0.241277
0.010329 -0.241377
0.010191 -0.241477
0.010053 -0.241576
0.009915 -0.241675
0.009777 -0.241773
0.009639 -0.241871
0.009500 -0.241969
0.009362 -0.242065
0.009224 -0.242162
0.009086 -0.242258
0.008947 -0.242353
0.008809 -0.242449
0.008671 -0.242543
0.008533 -0.242637
0.008394 -0.242731
0.008256 -0.242824
0.008118 -0.242917
0.007979 -0.243009
0.007841 -0.243101
0.007702 -0.243193
0.007564 -0.243284
0.007426 -0.243374
0.007287 -0.243464
0.007149 -0.243554
0.007010 -0.243643
0.006872 -0.243732
0.006733 -0.243820
0.006595 -0.243908
0.006456 -0.243995
0.006318 -0.244082
0.006179 -0.244168
0.006041 -0.244254
0.005902 -0.244340
0.005763 -0.244425
0.005625 -0.244509
0.005486 -0.244594
0.005348 -0.244677
0.005209 -0.244761
0.005070 -0.244843
0.004932 -0.244926
0.004793 -0.245008
0.004655 -0.245089
0.004516 -0.245170
0.004377 -0.245251
0.004239 -0.245331
0.004100 -0.245411
0.003961 -0.245490
0.003822 -0.245569
0.003684 -0.245647
0.003545 -0.245725
0.003406 -0.245802
0.003268 -0.245879
0.003129 -0.245956
0.002990 -0.246032
0.002851 -0.246108
0.002713 -0.246183
0.002574 -0.246258
0.002435 -0.246332
0.002296 -0.246406
0.002158 -0.246480
0.002019 -0.246553
0.001880 -0.246625
0.001741 -0.246697
0.001603 -0.246769
0.001464 -0.246840
0.001325 -0.246911
0.001186 -0.246981
0.001047 -0.247051
0.000909 -0.247121
0.000770 -0.247190
0.000631 -0.247258
0.000492 -0.247327
0.000353 -0.247394
0.000215 -0.247462
0.000076 -0.247528
-0.000063 -0.247595
-0.000202 -0.247661
-0.000341 -0.247726
-0.000479 -0.247791
-0.000618 -0.247856
-0.000757 -0.247920
-0.000896 -0.247984
-0.001035 -0.248047
-0.001173 -0.248110
-0.001312 -0.248173
-0.001451 -0.248235
-0.001590 -0.248296
-0.001728 -0.248357
-0.001867 -0.248418
-0.002006 -0.248478
-0.002145 -0.248538
-0.002284 -0.248598
-0.002422 -0.248657
-0.002561 -0.248715
-0.002700 -0.248773
-0.002839 -0.248831
-0.002977 -0.248888
-0.003116 -0.248945
-0.003255 -0.249001
-0.003393 -0.249057
-0.003532 -0.249113
-0.003671 -0.249168
-0.003810 -0.249222
-0.003948 -0.249277
-0.004087 -0.249330
-0.004226 -0.249384
-0.004364 -0.249436
-0.004503 -0.249489
-0.004642 -0.249541
-0.004780 -0.249593
-0.004919 -0.249644
-0.005058 -0.249694
-0.005196 -0.249745
-0.005335 -0.249795
-0.005474 -0.249844
-0.005612 -0.249893
-0.005751 -0.249942
-0.005889 -0.249990
-0.006028 -0.250038
-0.006166 -0.250085
-0.006305 -0.250132
-0.006444 -0.250178
-0.006582 -0.250224
-0.006721 -0.250270
-0.006859 -0.250315
-0.006998 -0.250360
-0.007136 -0.250404
-0.007275 -0.250448
-0.007413 -0.250491
-0.007551 -0.250534
-0.007690 -0.250577
-0.007828 -0.250619
-0.007967 -0.250661
-0.008105 -0.250702
-0.008244 -0.250743
-0.008382 -0.250783
-0.008520 -0.250823
-0.008659 -0.250863
-0.008797 -0.250902
-0.008935 -0.250941
-0.009074 -0.250979
-0.009212 -0.251017
-0.009350 -0.251054
-0.009488 -0.251091
-0.009627 -0.251128
-0.009765 -0.251164
-0.009903 -0.251200
-0.010041 -0.251235
-0.010179 -0.251270
-0.010317 -0.251305
-0.010456 -0.251339
-0.010594 -0.251372
-0.010732 -0.251405
-0.010870 -0.251438
-0.011008 -0.251471
-0.011146 -0.251502
-0.011284 -0.251534
-0.011422 -0.251565
-0.011560 -0.251596
-0.011698 -0.251626
-0.011836 -0.251656
-0.011974 -0.251685
-0.012112 -0.251714
-0.012250 -0.251743
-0.012387 -0.251771
-0.012525 -0.251799
-0.012663 -0.251826
-0.012801 -0.251853
-0.012939 -0.251879
-0.013076 -0.251905
-0.013214 -0.251931
-0.013352 -0.251956
-0.013490 -0.251981
-0.013627 -0.252005
-0.013765 -0.252029
-0.013902 -0.252052
-0.014040 -0.252075
-0.014178 -0.252098
-0.014315 -0.252120
-0.014453 -0.252142
-0.014590 -0.252163
-0.014728 -0.252184
-0.014865 -0.252205
-0.015003 -0.252225
-0.015140 -0.252245
-0.015277 -0.252264
-0.015415 -0.252283
-0.015552 -0.252301
-0.015689 -0.252319
-0.015827 -0.252337
-0.015964 -0.252354
-0.016101 -0.252371
-0.016238 -0.252387
-0.016375 -0.252403
-0.016513 -0.252419
-0.016650 -0.252434
-0.016787 -0.252449
-0.016924 -0.252463
-0.017061 -0.252477
-0.017198 -0.252490
-0.017335 -0.252503
-0.017472 -0.252516
-0.017609 -0.252528
-0.017746 -0.252540
-0.017882 -0.252551
-0.018019 -0.252562
-0.018156 -0.252572
-0.018293 -0.252582
-0.018430 -0.252592
-0.018566 -0.252601
-0.018703 -0.252610
-0.018840 -0.252618
-0.018976 -0.252626
-0.019113 -0.252634
-0.019249 -0.252641
-0.019386 -0.252648
-0.019522 -0.252654
-0.019659 -0.252660
-0.019795 -0.252666
-0.019932 -0.252671
-0.020068 -0.252675
-0.020204 -0.252680
-0.020341 -0.252683
-0.020477 -0.252687
-0.020613 -0.252690
-0.020749 -0.252692
-0.020885 -0.252695
-0.021022 -0.252696
-0.021158 -0.252698
-0.021294 -0.252699
-0.021430 -0.252699
-0.021566 -0.252699
-0.021702 -0.252699
-0.021838 -0.252698
-0.021973 -0.252697
-0.022109 -0.252695
-0.022245 -0.252693
-0.022381 -0.252691
-0.022517 -0.252688
-0.022652 -0.252685
-0.022788 -0.252681
-0.022924 -0.252677
-0.023059 -0.252673
-0.023195 -0.252668
-0.023330 -0.252662
-0.023466 -0.252657
-0.023601 -0.252651
-0.023737 -0.252644
-0.023872 -0.252637
-0.024007 -0.252630
-0.024142 -0.252622
-0.024278 -0.252614
-0.024413 -0.252605
-0.024548 -0.252596
-0.024683 -0.252587
-0.024818 -0.252577
-0.024953 -0.252566
-0.025088 -0.252556
-0.025223 -0.252545
-0.025358 -0.252533
-0.025493 -0.252521
-0.025628 -0.252509
-0.025763 -0.252496
-0.025897 -0.252483
-0.026032 -0.252469
-0.026167 -0.252455
-0.026301 -0.252441
-0.026436 -0.252426
-0.026570 -0.252411
-0.026705 -0.252395
-0.026839 -0.252379
-0.026974 -0.252362
-0.027108 -0.252345
-0.027242 -0.252328
-0.027377 -0.252310
-0.027511 -0.252292
-0.027645 -0.252274
-0.027779 -0.252255
-0.027913 -0.252235
-0.028047 -0.252216
-0.028181 -0.252195
-0.028315 -0.252175
-0.028449 -0.252154
-0.028583 -0.252132
-0.028717 -0.252110
-0.028850 -0.252088
-0.028984 -0.252065
-0.029118 -0.252042
-0.029251 -0.252019
-0.029385 -0.251995
-0.029519 -0.251970
-0.029652 -0.251946
-0.029785 -0.251920
-0.029919 -0.251895
-0.030052 -0.251869
-0.030185 -0.251842
-0.030319 -0.251816
-0.030452 -0.251788
-0.030585 -0.251761
-0.030718 -0.251733
-0.030851 -0.251704
-0.030984 -0.251675
-0.031117 -0.251646
-0.031250 -0.251616
-0.031383 -0.251586
-0.031515 -0.251556
-0.031648 -0.251525
-0.031781 -0.251493
-0.031913 -0.251461
-0.032046 -0.251429
-0.032178 -0.251397
-0.032311 -0.251364
-0.032443 -0.251330
-0.032576 -0.251296
-0.032708 -0.251262
-0.032840 -0.251227
-0.032972 -0.251192
-0.033104 -0.251157
-0.033237 -0.251121
-0.033369 -0.251085
-0.033501 -0.251048
-0.033632 -0.251011
-0.033764 -0.250973
-0.033896 -0.250935
-0.034028 -0.250897
-0.034160 -0.250858
-0.034291 -0.250819
-0.034423 -0.250779
-0.034554 -0.250739
-0.034686 -0.250698
-0.034817 -0.250658
-0.034948 -0.250616
-0.035080 -0.250575
-0.035211 -0.250532
-0.035342 -0.250490
-0.035473 -0.250447
-0.035604 -0.250404
-0.035735 -0.250360
-0.035866 -0.250316
-0.035997 -0.250271
-0.036128 -0.250226
-0.036259 -0.250181
-0.036389 -0.250135
-0.036520 -0.250088
-0.036651 -0.250042
-0.036781 -0.249995
-0.036912 -0.249947
-0.037042 -0.249899
-0.037172 -0.249851
-0.037303 -0.249802
-0.037433 -0.249753
-0.037563 -0.249703
-0.037693 -0.249653
-0.037823 -0.249603
-0.037953 -0.249552
-0.038083 -0.249501
-0.038213 -0.249449
-0.038343 -0.249397
-0.038472 -0.249345
-0.038602 -0.249292
-0.038732 -0.249239
-0.038861 -0.249185
-0.038990 -0.249131
-0.039120 -0.249076
-0.039249 -0.249021
-0.039378 -0.248966
-0.039508 -0.248910
-0.039637 -0.248854
-0.039766 -0.248797
-0.039895 -0.248740
-0.040024 -0.248683
-0.040153 -0.248625
-0.040281 -0.248566
-0.040410 -0.248508
-0.040539 -0.248449
-0.040667 -0.248389
-0.040796 -0.248329
-0.040924 -0.248269
-0.041053 -0.248208
-0.041181 -0.248147
-0.041309 -0.248085
-0.041437 -0.248023
-0.041566 -0.247961
-0.041694 -0.247898
-0.041822 -0.247834
-0.041949 -0.247771
-0.042077 -0.247707
-0.042205 -0.247642
-0.042333 -0.247577
-0.042460 -0.247512
-0.042588 -0.247446
-0.042715 -0.247380
-0.042843 -0.247313
-0.042970 -0.247246
-0.043097 -0.247179
-0.043224 -0.247111
-0.043352 -0.247042
-0.043479 -0.246974
-0.043606 -0.246905
-0.043732 -0.246835
-0.043859 -0.246765
-0.043986 -0.246695
-0.044113 -0.246624
-0.044239 -0.246553
-0.044366 -0.246481
-0.044492 -0.246409
-0.044619 -0.246336
-0.044745 -0.246264
-0.044871 -0.246190
-0.044997 -0.246117
-0.045123 -0.246042
-0.045249 -0.245968
-0.045375 -0.245893
-0.045501 -0.245817
-0.045627 -0.245742
-0.045752 -0.245665
-0.045878 -0.245589
-0.046003 -0.245512
-0.046129 -0.245434
-0.046254 -0.245356
-0.046379 -0.245278
-0.046505 -0.245199
-0.046630 -0.245120
-0.046755 -0.245040
-0.046880 -0.244960
-0.047005 -0.244880
-0.047129 -0.244799
-0.047254 -0.244717
-0.047379 -0.244636
-0.047503 -0.244554
-0.047628 -0.244471
-0.047752 -0.244388
-0.047877 -0.244305
-0.048001 -0.244221
-0.048125 -0.244137
-0.048249 -0.244052
-0.048373 -0.243967
-0.048497 -0.243881
-0.048621 -0.243795
-0.048744 -0.243709
-0.048868 -0.243622
-0.048991 -0.243535
-0.049115 -0.243447
-0.049238 -0.243359
-0.049362 -0.243271
-0.049485 -0.243182
-0.049608 -0.243092
-0.049731 -0.243003
-0.049854 -0.242913
-0.049977 -0.242822
-0.050100 -0.242731
-0.050222 -0.242639
-0.050345 -0.242548
-0.050467 -0.242455
-0.050590 -0.242363
-0.050712 -0.242269
-0.050834 -0.242176
-0.050956 -0.242082
-0.051079 -0.241987
-0.051201 -0.241893
-0.051322 -0.241797
-0.051444 -0.241702
-0.051566 -0.241605
-0.051687 -0.241509
-0.051809 -0.241412
-0.051930 -0.241314
-0.052052 -0.241217
-0.052173 -0.241118
-0.052294 -0.241020
-0.052415 -0.240920
-0.052536 -0.240821
-0.052657 -0.240721
-0.052778 -0.240621
-0.052899 -0.240520
-0.053019 -0.240418
-0.053140 -0.240317
-0.053260 -0.240215
-0.053380 -0.240112
-0.053501 -0.240009
-0.053621 -0.239906
-0.053741 -0.239802
-0.053861 -0.239698
-0.053980 -0.239593
-0.054100 -0.239488
-0.054220 -0.239382
-0.054339 -0.239276
-0.054459 -0.239170
-0.054578 -0.239063
-0.054697 -0.238956
-0.054816 -0.238848
-0.054935 -0.238740
-0.055054 -0.238631
-0.055173 -0.238522
-0.055292 -0.238413
-0.055411 -0.238303
-0.055529 -0.238192
-0.055648 -0.238082
-0.055766 -0.237971
-0.055884 -0.237859
-0.056002 -0.237747
-0.056120 -0.237634
-0.056238 -0.237521
-0.056356 -0.237408
-0.056474 -0.237294
-0.056591 -0.237180
-0.056709 -0.237065
-0.056826 -0.236950
-0.056944 -0.236835
-0.057061 -0.236719
-0.057178 -0.236602
-0.057295 -0.236486
-0.057412 -0.236368
-0.057529 -0.236251
-0.057645 -0.236133
-0.057762 -0.236014
-0.057878 -0.235895
-0.057995 -0.235775
-0.058111 -0.235656
-0.058227 -0.235535
-0.058343 -0.235415
-0.058459 -0.235293
-0.058575 -0.235172
-0.058691 -0.235050
-0.058806 -0.234927
-0.058922 -0.234804
-0.059037 -0.234681
-0.059152 -0.234557
-0.059267 -0.234433
-0.059383 -0.234308
-0.059497 -0.234183
-0.059612 -0.234057
-0.059727 -0.233931
-0.059842 -0.233805
-0.059956 -0.233678
-0.060070 -0.233550
-0.060185 -0.233422
-0.060299 -0.233294
-0.060413 -0.233166
-0.060527 -0.233036
-0.060640 -0.232907
-0.060754 -0.232777
-0.060868 -0.232646
-0.060981 -0.232515
-0.061095 -0.232384
-0.061208 -0.232252
-0.061321 -0.232120
-0.061434 -0.231987
-0.061547 -0.231854
-0.061659 -0.231721
-0.061772 -0.231587
-0.061885 -0.231452
-0.061997 -0.231317
-0.062109 -0.231182
-0.062221 -0.231046
-0.062333 -0.230910
-0.062445 -0.230773
-0.062557 -0.230636
-0.062669 -0.230498
-0.062780 -0.230360
-0.062892 -0.230222
-0.063003 -0.230083
-0.063114 -0.229943
-0.063225 -0.229803
-0.063336 -0.229663
-0.063447 -0.229522
-0.063558 -0.229381
-0.063668 -0.229240
-0.063779 -0.229097
-0.063889 -0.228955
-0.063999 -0.228812
-0.064109 -0.228668
-0.064219 -0.228524
-0.064329 -0.228380
-0.064438 -0.228235
-0.064548 -0.228090
-0.064657 -0.227944
-0.064767 -0.227798
-0.064876 -0.227651
-0.064985 -0.227504
-0.065094 -0.227357
-0.065202 -0.227209
-0.065311 -0.227060
-0.065420 -0.226911
-0.065528 -0.226762
-0.065636 -0.226612
-0.065744 -0.226462
-0.065852 -0.226311
-0.065960 -0.226160
-0.066068 -0.226008
-0.066175 -0.225856
-0.066283 -0.225704
-0.066390 -0.225551
-0.066497 -0.225397
-0.066604 -0.225243
-0.066711 -0.225089
-0.066818 -0.224934
-0.066924 -0.224778
-0.067031 -0.224623
-0.067137 -0.224466
-0.067244 -0.224310
-0.067350 -0.224153
-0.067456 -0.223995
-0.067561 -0.223837
-0.067667 -0.223678
-0.067772 -0.223519
-0.067878 -0.223360
-0.067983 -0.223200
-0.068088 -0.223039
-0.068193 -0.222878
-0.068298 -0.222717
-0.068403 -0.222555
-0.068507 -0.222393
-0.068611 -0.222230
-0.068716 -0.222067
-0.068820 -0.221903
-0.068924 -0.221739
-0.069027 -0.221574
-0.069131 -0.221409
-0.069235 -0.221244
-0.069338 -0.221078
-0.069441 -0.220911
-0.069544 -0.220744
-0.069647 -0.220577
-0.069750 -0.220409
-0.069852 -0.220240
-0.069955 -0.220071
-0.070057 -0.219902
-0.070159 -0.219732
-0.070261 -0.219562
-0.070363 -0.219391
-0.070465 -0.219220
-0.070566 -0.219048
-0.070668 -0.218876
-0.070769 -0.218703
-0.070870 -0.218530
-0.070971 -0.218357
-0.071072 -0.218183
-0.071172 -0.218008
-0.071273 -0.217833
-0.071373 -0.217657
-0.071473 -0.217481
-0.071573 -0.217305
-0.071673 -0.217128
-0.071773 -0.216951
-0.071872 -0.216773
-0.071972 -0.216594
-0.072071 -0.216415
-0.072170 -0.216236
-0.072269 -0.216056
-0.072368 -0.215876
-0.072466 -0.215695
-0.072565 -0.215514
-0.072663 -0.215332
-0.072761 -0.215150
-0.072859 -0.214967
-0.072957 -0.214784
-0.073054 -0.214600
-0.073152 -0.214416
-0.073249 -0.214231
-0.073346 -0.214046
-0.073443 -0.213860
-0.073539 -0.213674
-0.073636 -0.213487
-0.073732 -0.213300
-0.073829 -0.213113
-0.073925 -0.212924
-0.074021 -0.212736
-0.074116 -0.212547
-0.074212 -0.212357
-0.074307 -0.212167
-0.074403 -0.211976
-0.074498 -0.211785
-0.074592 -0.211594
-0.074687 -0.211402
-0.074782 -0.211209
-0.074876 -0.211016
-0.074970 -0.210823
-0.075064 -0.210629
-0.075158 -0.210434
-0.075252 -0.210239
-0.075345 -0.210043
-0.075438 -0.209847
-0.075531 -0.209651
-0.075624 -0.209454
-0.075717 -0.209256
-0.075810 -0.209058
-0.075902 -0.208860
-0.075994 -0.208661
-0.076086 -0.208461
-0.076178 -0.208261
-0.076270 -0.208061
-0.076361 -0.207860
-0.076452 -0.207658
-0.076543 -0.207456
-0.076634 -0.207253
-0.076725 -0.207050
-0.076815 -0.206847
-0.076906 -0.206643
-0.076996 -0.206438
-0.077086 -0.206233
-0.077176 -0.206027
-0.077265 -0.205821
-0.077355 -0.205615
-0.077444 -0.205408
-0.077533 -0.205200
-0.077622 -0.204992
-0.077710 -0.204783
-0.077799 -0.204574
-0.077887 -0.204364
-0.077975 -0.204154
-0.078063 -0.203943
-0.078150 -0.203732
-0.078238 -0.203520
-0.078325 -0.203308
-0.078412 -0.203095
-0.078499 -0.202882
-0.078585 -0.202668
-0.078672 -0.202454
-0.078758 -0.202239
-0.078844 -0.202023
-0.078930 -0.201808
-0.079016 -0.201591
-0.079101 -0.201374
-0.079186 -0.201157
-0.079271 -0.200939
-0.079356 -0.200720
-0.079441 -0.200501
-0.079525 -0.200281
-0.079609 -0.200061
-0.079693 -0.199841
-0.079777 -0.199620
-0.079860 -0.199398
-0.079944 -0.199176
-0.080027 -0.198953
-0.080110 -0.198730
-0.080192 -0.198506
-0.080275 -0.198282
-0.080357 -0.198057
-0.080439 -0.197831
-0.080521 -0.197605
-0.080603 -0.197379
-0.080684 -0.197152
-0.080765 -0.196924
-0.080846 -0.196696
-0.080927 -0.196468
-0.081007 -0.196238
-0.081088 -0.196009
-0.081168 -0.195779
-0.081247 -0.195548
-0.081327 -0.195316
-0.081406 -0.195085
-0.081486 -0.194852
-0.081565 -0.194619
-0.081643 -0.194386
-0.081722 -0.194152
-0.081800 -0.193917
-0.081878 -0.193682
-0.081956 -0.193446
-0.082033 -0.193210
-0.082111 -0.192973
-0.082188 -0.192736
-0.082265 -0.192498
-0.082341 -0.192260
-0.082418 -0.192021
-0.082494 -0.191781
-0.082570 -0.191541
-0.082645 -0.191301
-0.082721 -0.191059
-0.082796 -0.190818
-0.082871 -0.190575
-0.082946 -0.190333
-0.083020 -0.190089
-0.083094 -0.189845
-0.083168 -0.189601
-0.083242 -0.189356
-0.083315 -0.189110
-0.083389 -0.188864
-0.083462 -0.188617
-0.083534 -0.188370
-0.083607 -0.188122
-0.083679 -0.187873
-0.083751 -0.187624
-0.083823 -0.187375
-0.083894 -0.187125
-0.083965 -0.186874
-0.084036 -0.186623
-0.084107 -0.186371
-0.084178 -0.186118
-0.084248 -0.185865
-0.084318 -0.185612
-0.084387 -0.185357
-0.084457 -0.185103
-0.084526 -0.184847
-0.084595 -0.184592
-0.084663 -0.184335
-0.084732 -0.184078
-0.084800 -0.183820
-0.084868 -0.183562
-0.084935 -0.183303
-0.085002 -0.183044
-0.085069 -0.182784
-0.085136 -0.182524
-0.085203 -0.182262
-0.085269 -0.182001
-0.085335 -0.181738
-0.085400 -0.181476
-0.085466 -0.181212
-0.085531 -0.180948
-0.085596 -0.180683
-0.085660 -0.180418
-0.085724 -0.180152
-0.085788 -0.179886
-0.085852 -0.179619
-0.085915 -0.179351
-0.085979 -0.179083
-0.086041 -0.178814
-0.086104 -0.178545
-0.086166 -0.178275
-0.086228 -0.178004
-0.086290 -0.177733
-0.086351 -0.177461
-0.086412 -0.177189
-0.086473 -0.176916
-0.086533 -0.176642
-0.086594 -0.176368
-0.086654 -0.176093
-0.086713 -0.175818
-0.086772 -0.175542
-0.086831 -0.175265
-0.086890 -0.174988
-0.086948 -0.174710
-0.087007 -0.174431
-0.087064 -0.174152
-0.087122 -0.173873
-0.087179 -0.173592
-0.087236 -0.173311
-0.087292 -0.173030
-0.087348 -0.172748
-0.087404 -0.172465
-0.087460 -0.172181
-0.087515 -0.171897
-0.087570 -0.171612
-0.087625 -0.171327
-0.087679 -0.171041
-0.087733 -0.170755
-0.087787 -0.170467
-0.087840 -0.170180
-0.087893 -0.169891
-0.087946 -0.169602
-0.087998 -0.169312
-0.088050 -0.169022
-0.088102 -0.168731
-0.088153 -0.168439
-0.088204 -0.168147
-0.088255 -0.167854
-0.088305 -0.167560
-0.088355 -0.167266
-0.088405 -0.166971
-0.088454 -0.166676
-0.088503 -0.166380
-0.088552 -0.166083
-0.088600 -0.165786
-0.088648 -0.165487
-0.088696 -0.165189
-0.088743 -0.164889
-0.088790 -0.164589
-0.088837 -0.164289
-0.088883 -0.163987
-0.088929 -0.163685
-0.088974 -0.163382
-0.089019 -0.163079
-0.089064 -0.162775
-0.089108 -0.162470
-0.089152 -0.162165
-0.089196 -0.161859
-0.089239 -0.161552
-0.089282 -0.161245
-0.089325 -0.160937
-0.089367 -0.160628
-0.089409 -0.160319
-0.089450 -0.160009
-0.089491 -0.159698
-0.089532 -0.159387
-0.089572 -0.159075
-0.089612 -0.158762
-0.089652 -0.158449
-0.089691 -0.158135
-0.089730 -0.157820
-0.089768 -0.157505
-0.089806 -0.157188
-0.089844 -0.156872
-0.089881 -0.156554
-0.089918 -0.156236
-0.089954 -0.155917
-0.089990 -0.155597
-0.090025 -0.155277
-0.090061 -0.154956
-0.090095 -0.154634
-0.090130 -0.154312
-0.090164 -0.153989
-0.090197 -0.153665
-0.090230 -0.153340
-0.090263 -0.153015
-0.090295 -0.152689
-0.090327 -0.152363
-0.090359 -0.152035
-0.090390 -0.151707
-0.090420 -0.151379
-0.090451 -0.151049
-0.090480 -0.150719
-0.090510 -0.150388
-0.090539 -0.150056
-0.090567 -0.149724
-0.090595 -0.149391
-0.090623 -0.149057
-0.090650 -0.148722
-0.090676 -0.148387
-0.090703 -0.148051
-0.090728 -0.147714
-0.090754 -0.147377
-0.090779 -0.147039
-0.090803 -0.146700
-0.090827 -0.146360
-0.090851 -0.146020
-0.090874 -0.145678
-0.090896 -0.145337
-0.090918 -0.144994
-0.090940 -0.144650
-0.090961 -0.144306
-0.090982 -0.143961
-0.091002 -0.143616
-0.091022 -0.143269
-0.091041 -0.142922
-0.091060 -0.142574
-0.091078 -0.142225
-0.091096 -0.141876
-0.091113 -0.141526
-0.091130 -0.141175
-0.091146 -0.140823
-0.091162 -0.140470
-0.091177 -0.140117
-0.091192 -0.139763
-0.091207 -0.139408
-0.091220 -0.139052
-0.091234 -0.138696
-0.091246 -0.138339
-0.091259 -0.137981
-0.091270 -0.137622
-0.091282 -0.137262
-0.091292 -0.136902
-0.091302 -0.136541
-0.091312 -0.136179
-0.091321 -0.135816
-0.091330 -0.135452
-0.091338 -0.135088
-0.091345 -0.134723
-0.091352 -0.134357
-0.091358 -0.133990
-0.091364 -0.133623
-0.091369 -0.133254
-0.091374 -0.132885
-0.091378 -0.132515
-0.091382 -0.132144
-0.091385 -0.131772
-0.091387 -0.131400
-0.091389 -0.131027
-0.091390 -0.130652
-0.091391 -0.130277
-0.091391 -0.129902
-0.091391 -0.129525
-0.091390 -0.129147
-0.091388 -0.128769
-0.091386 -0.128390
-0.091383 -0.128010
-0.091379 -0.127629
-0.091375 -0.127247
-0.091371 -0.126865
-0.091365 -0.126481
-0.091359 -0.126097
-0.091353 -0.125712
-0.091346 -0.125326
-0.091338 -0.124939
-0.091329 -0.124551
-0.091320 -0.124163
-0.091311 -0.123773
-0.091300 -0.123383
-0.091289 -0.122992
-0.091278 -0.122599
-0.091265 -0.122206
-0.091252 -0.121813
-0.091239 -0.121418
-0.091224 -0.121022
-0.091209 -0.120626
-0.091194 -0.120228
-0.091177 -0.119830
-0.091160 -0.119431
-0.091143 -0.119030
-0.091124 -0.118629
-0.091105 -0.118227
-0.091085 -0.117824
-0.091065 -0.117421
-0.091043 -0.117016
-0.091021 -0.116610
-0.090999 -0.116204
-0.090975 -0.115796
-0.090951 -0.115388
-0.090926 -0.114978
-0.090901 -0.114568
-0.090874 -0.114157
-0.090847 -0.113745
-0.090819 -0.113332
-0.090791 -0.112918
-0.090761 -0.112503
-0.090731 -0.112087
-0.090700 -0.111670
-0.090669 -0.111252
-0.090636 -0.110833
-0.090603 -0.110413
-0.090569 -0.109992
-0.090534 -0.109571
-0.090498 -0.109148
-0.090462 -0.108724
-0.090424 -0.108299
-0.090386 -0.107874
-0.090347 -0.107447
-0.090307 -0.107019
-0.090267 -0.106591
-0.090225 -0.106161
-0.090183 -0.105730
-0.090140 -0.105299
-0.090095 -0.104866
-0.090050 -0.104432
-0.090005 -0.103997
-0.089958 -0.103562
-0.089910 -0.103125
-0.089862 -0.102687
-0.089812 -0.102248
-0.089762 -0.101808
-0.089711 -0.101368
-0.089659 -0.100926
-0.089606 -0.100483
-0.089552 -0.100039
-0.089497 -0.099593
-0.089441 -0.099147
-0.089384 -0.098700
-0.089326 -0.098252
-0.089267 -0.097802
-0.089207 -0.097352
-0.089147 -0.096900
-0.089085 -0.096448
-0.089022 -0.095994
-0.088958 -0.095539
-0.088893 -0.095084
-0.088828 -0.094627
-0.088761 -0.094168
-0.088693 -0.093709
-0.088624 -0.093249
-0.088554 -0.092788
-0.088483 -0.092325
-0.088411 -0.091861
-0.088337 -0.091397
-0.088263 -0.090931
-0.088187 -0.090464
-0.088111 -0.089996
-0.088033 -0.089526
-0.087954 -0.089056
-0.087874 -0.088584
-0.087793 -0.088111
-0.087711 -0.087637
-0.087628 -0.087162
-0.087543 -0.086686
-0.087457 -0.086209
-0.087370 -0.085730
-0.087282 -0.085250
-0.087193 -0.084769
-0.087102 -0.084287
-0.087010 -0.083803
-0.086917 -0.083319
-0.086823 -0.082833
-0.086727 -0.082346
-0.086630 -0.081858
-0.086532 -0.081368
-0.086432 -0.080877
-0.086331 -0.080385
-0.086229 -0.079892
-0.086125 -0.079398
-0.086020 -0.078902
-0.085914 -0.078405
-0.085806 -0.077907
-0.085697 -0.077407
-0.085587 -0.076907
-0.085475 -0.076405
-0.085362 -0.075901
-0.085247 -0.075397
-0.085131 -0.074891
-0.085013 -0.074384
-0.084894 -0.073875
-0.084773 -0.073365
-0.084651 -0.072854
-0.084527 -0.072342
-0.084402 -0.071828
-0.084275 -0.071313
-0.084146 -0.070797
-0.084016 -0.070279
-0.083884 -0.069760
-0.083751 -0.069239
-0.083616 -0.068717
-0.083480 -0.068194
-0.083341 -0.067669
-0.083201 -0.067143
-0.083060 -0.066616
-0.082916 -0.066087
-0.082771 -0.065557
-0.082624 -0.065026
-0.082475 -0.064493
-0.082325 -0.063958
-0.082172 -0.063423
-0.082018 -0.062885
-0.081862 -0.062347
-0.081704 -0.061807
-0.081544 -0.061265
-0.081382 -0.060722
-0.081218 -0.060178
-0.081052 -0.059632
-0.080885 -0.059084
-0.080715 -0.058536
-0.080543 -0.057985
-0.080369 -0.057433
-0.080193 -0.056880
-0.080015 -0.056325
-0.079835 -0.055769
-0.079652 -0.055211
-0.079468 -0.054652
-0.079281 -0.054091
-0.079092 -0.053528
-0.078900 -0.052965
-0.078707 -0.052399
-0.078511 -0.051832
-0.078312 -0.051263
-0.078112 -0.050693
-0.077908 -0.050121
-0.077703 -0.049548
-0.077495 -0.048973
-0.077284 -0.048397
-0.077071 -0.047819
-0.076855 -0.047239
-0.076637 -0.046658
-0.076416 -0.046075
-0.076192 -0.045490
-0.075965 -0.044904
-0.075736 -0.044316
-0.075504 -0.043727
-0.075269 -0.043135
-0.075032 -0.042543
-0.074791 -0.041948
-0.074547 -0.041352
-0.074301 -0.040755
-0.074051 -0.040155
-0.073798 -0.039554
-0.073543 -0.038951
-0.073284 -0.038347
-0.073021 -0.037741
-0.072756 -0.037133
-0.072487 -0.036524
-0.072215 -0.035912
-0.071939 -0.035299
-0.071660 -0.034685
-0.071377 -0.034068
-0.071091 -0.033450
-0.070801 -0.032831
-0.070507 -0.032209
-0.070210 -0.031586
-0.069909 -0.030961
-0.069604 -0.030335
-0.069295 -0.029706
-0.068981 -0.029076
-0.068664 -0.028444
-0.068343 -0.027811
-0.068018 -0.027176
-0.067688 -0.026539
-0.067353 -0.025900
-0.067015 -0.025260
-0.066672 -0.024617
-0.066324 -0.023974
-0.065971 -0.023328
-0.065614 -0.022681
-0.065252 -0.022032
-0.064885 -0.021382
-0.064513 -0.020730
-0.064136 -0.020076
-0.063753 -0.019420
-0.063366 -0.018763
-0.062972 -0.018104
-0.062574 -0.017444
-0.062169 -0.016782
-0.061759 -0.016119
-0.061343 -0.015454
-0.060921 -0.014787
-0.060493 -0.014119
-0.060058 -0.013450
-0.059617 -0.012779
-0.059170 -0.012107
-0.058716 -0.011433
-0.058255 -0.010758
-0.057788 -0.010082
-0.057313 -0.009405
-0.056831 -0.008726
-0.056341 -0.008046
-0.055844 -0.007366
-0.055339 -0.006684
-0.054827 -0.006001
-0.054306 -0.005317
-0.053777 -0.004633
-0.053239 -0.003947
-0.052693 -0.003262
-0.052138 -0.002575
-0.051574 -0.001888
-0.051001 -0.001201
-0.050417 -0.000514
-0.049825 0.000174
-0.049222 0.000861
-0.048609 0.001549
-0.047985 0.002236
-0.047351 0.002922
-0.046706 0.003608
-0.046049 0.004293
-0.045381 0.004977
-0.044700 0.005659
-0.044008 0.006340
-0.043303 0.007020
-0.042585 0.007697
-0.041854 0.008371
-0.041110 0.009043
-0.040351 0.009712
-0.039579 0.010378
-0.038792 0.011040
-0.037990 0.011697
-0.037173 0.012350
-0.036340 0.012998
-0.035491 0.013640
-0.034626 0.014275
-0.033744 0.014904
-0.032844 0.015525
-0.031928 0.016138
-0.030993 0.016741
-0.030041 0.017335
-0.029069 0.017918
-0.028079 0.018490
-0.027070 0.019049
-0.026042 0.019595
-0.024994 0.020125
-0.023926 0.020640
-0.022838 0.021138
-0.021731 0.021617
-0.020603 0.022077
-0.019456 0.022515
-0.018290 0.022931
-0.017104 0.023323
-0.015899 0.023689
-0.014677 0.024027
-0.013436 0.024338
-0.012179 0.024617
-0.010906 0.024865
-0.009618 0.025079
-0.008318 0.025259
-0.007005 0.025402
-0.005681 0.025507
-0.004350 0.025575
-0.003011 0.025602
-0.001668 0.025589
-0.000322 0.025535
0.001025 0.025440
0.002369 0.025304
0.003710 0.025126
0.005045 0.024908
0.006372 0.024648
0.007688 0.024350
0.008993 0.024012
0.010283 0.023637
0.011557 0.023226
0.012814 0.022780
0.014053 0.022301
0.015272 0.021791
0.016470 0.021250
0.017646 0.020682
0.018799 0.020087
0.019930 0.019468
0.021037 0.018826
0.022121 0.018163
0.023181 0.017480
0.024217 0.016779
0.025229 0.016062
0.026218 0.015329
0.027183 0.014583
0.028126 0.013825
0.029045 0.013056
0.029942 0.012276
0.030818 0.011487
0.031671 0.010691
0.032504 0.009887
0.033317 0.009077
0.034109 0.008262
0.034881 0.007442
0.035635 0.006617
0.036370 0.005790
0.037087 0.004959
0.037787 0.004126
0.038469 0.003292
0.039135 0.002455
0.039785 0.001618
0.040419 0.000780
0.041038 -0.000058
0.041643 -0.000896
0.042233 -0.001734
0.042809 -0.002571
0.043371 -0.003407
0.043921 -0.004243
0.044457 -0.005077
0.044982 -0.005909
0.045494 -0.006741
0.045994 -0.007570
0.046483 -0.008398
0.046961 -0.009223
0.047429 -0.010047
0.047886 -0.010868
0.048332 -0.011687
0.048769 -0.012503
0.049197 -0.013317
0.049614 -0.014129
0.050023 -0.014938
0.050423 -0.015744
0.050814 -0.016548
0.051197 -0.017349
0.051572 -0.018147
0.051938 -0.018942
0.052297 -0.019734
0.052648 -0.020524
0.052992 -0.021311
0.053329 -0.022094
0.053658 -0.022875
0.053981 -0.023653
0.054297 -0.024428
0.054606 -0.025200
0.054909 -0.025969
0.055206 -0.026735
0.055497 -0.027498
0.055781 -0.028259
0.056060 -0.029016
0.056333 -0.029770
0.056601 -0.030521
0.056863 -0.031270
0.057119 -0.032015
0.057371 -0.032758
0.057617 -0.033497
0.057858 -0.034234
0.058095 -0.034968
0.058326 -0.035698
0.058553 -0.036426
0.058776 -0.037152
0.058993 -0.037874
0.059207 -0.038593
0.059416 -0.039310
0.059621 -0.040024
0.059821 -0.040735
0.060018 -0.041443
0.060210 -0.042148
0.060399 -0.042851
0.060584 -0.043551
0.060765 -0.044248
0.060942 -0.044943
0.061115 -0.045635
0.061286 -0.046324
0.061452 -0.047010
0.061615 -0.047694
0.061775 -0.048376
0.061931 -0.049054
0.062084 -0.049730
0.062234 -0.050404
0.062381 -0.051075
0.062524 -0.051743
0.062665 -0.052409
0.062802 -0.053072
0.062937 -0.053733
0.063069 -0.054392
0.063197 -0.055047
0.063323 -0.055701
0.063447 -0.056352
0.063567 -0.057001
0.063685 -0.057647
0.063800 -0.058291
0.063913 -0.058932
0.064023 -0.059571
0.064131 -0.060208
0.064236 -0.060843
0.064338 -0.061475
0.064439 -0.062105
0.064537 -0.062732
0.064632 -0.063358
0.064725 -0.063981
0.064816 -0.064601
0.064905 -0.065220
0.064992 -0.065837
0.065076 -0.066451
0.065159 -0.067063
0.065239 -0.067673
0.065317 -0.068281
0.065393 -0.068886
0.065467 -0.069490
0.065539 -0.070091
0.065610 -0.070690
0.065678 -0.071288
0.065744 -0.071883
0.065809 -0.072476
0.065871 -0.073067
0.065932 -0.073656
0.065991 -0.074243
0.066048 -0.074828
0.066104 -0.075411
0.066157 -0.075992
0.066209 -0.076571
0.066260 -0.077149
0.066308 -0.077724
0.066355 -0.078297
0.066401 -0.078868
0.066444 -0.079438
0.066486 -0.080005
0.066527 -0.080571
0.066566 -0.081135
0.066604 -0.081697
0.066640 -0.082257
0.066674 -0.082815
0.066707 -0.083372
0.066739 -0.083926
0.066769 -0.084479
0.066798 -0.085030
0.066825 -0.085579
0.066851 -0.086127
0.066876 -0.086672
0.066899 -0.087216
0.066921 -0.087759
0.066942 -0.088299
0.066961 -0.088838
0.066979 -0.089375
0.066995 -0.089910
0.067011 -0.090444
0.067025 -0.090976
0.067038 -0.091506
0.067050 -0.092034
0.067060 -0.092561
0.067070 -0.093087
0.067078 -0.093610
0.067085 -0.094132
0.067091 -0.094653
0.067095 -0.095171
0.067099 -0.095688
0.067101 -0.096204
0.067103 -0.096718
0.067103 -0.097230
0.067102 -0.097741
0.067100 -0.098250
0.067097 -0.098758
0.067093 -0.099264
0.067088 -0.099769
0.067082 -0.100272
0.067075 -0.100773
0.067066 -0.101273
0.067057 -0.101772
0.067047 -0.102269
0.067036 -0.102765
0.067024 -0.103259
0.067011 -0.103751
0.066997 -0.104242
0.066982 -0.104732
0.066966 -0.105220
0.066949 -0.105707
0.066932 -0.106192
0.066913 -0.106676
0.066893 -0.107158
0.066873 -0.107639
0.066852 -0.108119
0.066830 -0.108597
0.066807 -0.109074
0.066783 -0.109549
0.066758 -0.110023
0.066733 -0.110496
0.066706 -0.110967
0.066679 -0.111437
0.066651 -0.111906
0.066622 -0.112373
0.066593 -0.112838
0.066562 -0.113303
0.066531 -0.113766
0.066499 -0.114228
0.066466 -0.114688
0.066433 -0.115147
0.066398 -0.115605
0.066363 -0.116062
0.066328 -0.116517
0.066291 -0.116971
0.066254 -0.117424
0.066216 -0.117875
0.066177 -0.118325
0.066138 -0.118774
0.066098 -0.119221
0.066057 -0.119668
0.066016 -0.120113
0.065973 -0.120557
0.065931 -0.120999
0.065887 -0.121440
0.065843 -0.121880
0.065798 -0.122319
0.065752 -0.122757
0.065706 -0.123193
0.065659 -0.123628
0.065612 -0.124062
0.065564 -0.124495
0.065515 -0.124927
0.065466 -0.125357
0.065416 -0.125786
0.065365 -0.126214
0.065314 -0.126641
0.065262 -0.127067
0.065210 -0.127491
0.065157 -0.127914
0.065103 -0.128336
0.065049 -0.128757
0.064994 -0.129177
0.064939 -0.129596
0.064883 -0.130013
0.064826 -0.130430
0.064769 -0.130845
0.064712 -0.131259
0.064654 -0.131672
0.064595 -0.132084
0.064536 -0.132495
0.064476 -0.132905
0.064415 -0.133313
0.064355 -0.133720
0.064293 -0.134127
0.064231 -0.134532
0.064169 -0.134936
0.064106 -0.135339
0.064042 -0.135741
0.063978 -0.136142
0.063914 -0.136542
0.063849 -0.136941
0.063783 -0.137338
0.063717 -0.137735
0.063651 -0.138131
0.063584 -0.138525
0.063516 -0.138919
0.063449 -0.139311
0.063380 -0.139702
0.063311 -0.140093
0.063242 -0.140482
0.063172 -0.140870
0.063102 -0.141257
0.063031 -0.141644
0.062960 -0.142029
0.062888 -0.142413
0.062816 -0.142796
0.062744 -0.143178
0.062671 -0.143559
0.062597 -0.143939
0.062523 -0.144319
0.062449 -0.144697
0.062374 -0.145074
0.062299 -0.145450
0.062224 -0.145825
0.062148 -0.146199
0.062071 -0.146572
0.061995 -0.146944
0.061917 -0.147316
0.061840 -0.147686
0.061762 -0.148055
0.061683 -0.148423
0.061604 -0.148791
0.061525 -0.149157
0.061445 -0.149523
0.061365 -0.149887
0.061285 -0.150251
0.061204 -0.150613
0.061123 -0.150975
0.061041 -0.151336
0.060959 -0.151695
0.060877 -0.152054
0.060794 -0.152412
0.060711 -0.152769
0.060628 -0.153125
0.060544 -0.153480
0.060460 -0.153834
0.060375 -0.154187
0.060291 -0.154540
0.060205 -0.154891
0.060120 -0.155242
0.060034 -0.155591
0.059948 -0.155940
0.059861 -0.156288
0.059774 -0.156635
0.059687 -0.156981
0.059599 -0.157326
0.059511 -0.157670
0.059423 -0.158013
0.059334 -0.158356
0.059245 -0.158698
0.059156 -0.159038
0.059066 -0.159378
0.058976 -0.159717
0.058886 -0.160055
0.058795 -0.160392
0.058704 -0.160729
0.058613 -0.161064
0.058521 -0.161399
0.058429 -0.161732
0.058337 -0.162065
0.058245 -0.162397
0.058152 -0.162728
0.058059 -0.163059
0.057965 -0.163388
0.057872 -0.163717
0.057778 -0.164045
0.057683 -0.164372
0.057589 -0.164698
0.057494 -0.165023
0.057399 -0.165347
0.057303 -0.165671
0.057207 -0.165994
0.057111 -0.166316
0.057015 -0.166637
0.056918 -0.166957
0.056821 -0.167277
0.056724 -0.167595
0.056627 -0.167913
0.056529 -0.168230
0.056431 -0.168546
0.056333 -0.168862
0.056234 -0.169176
0.056135 -0.169490
0.056036 -0.169803
0.055937 -0.170115
0.055837 -0.170427
0.055738 -0.170737
0.055637 -0.171047
0.055537 -0.171356
0.055436 -0.171664
0.055336 -0.171972
0.055234 -0.172278
0.055133 -0.172584
0.055031 -0.172889
0.054929 -0.173193
0.054827 -0.173497
0.054725 -0.173800
0.054622 -0.174102
0.054519 -0.174403
0.054416 -0.174703
0.054313 -0.175003
0.054209 -0.175302
0.054106 -0.175600
0.054002 -0.175897
0.053897 -0.176194
0.053793 -0.176490
0.053688 -0.176785
0.053583 -0.177079
0.053478 -0.177372
0.053372 -0.177665
0.053267 -0.177957
0.053161 -0.178249
0.053055 -0.178539
0.052948 -0.178829
0.052842 -0.179118
0.052735 -0.179406
0.052628 -0.179694
0.052521 -0.179981
0.052413 -0.180267
0.052306 -0.180552
0.052198 -0.180837
0.052090 -0.181121
0.051981 -0.181404
0.051873 -0.181686
0.051764 -0.181968
0.051655 -0.182249
0.051546 -0.182529
0.051437 -0.182809
0.051327 -0.183087
0.051218 -0.183365
0.051108 -0.183643
0.050998 -0.183919
0.050887 -0.184195
0.050777 -0.184471
0.050666 -0.184745
0.050555 -0.185019
0.050444 -0.185292
0.050333 -0.185564
0.050221 -0.185836
0.050110 -0.186107
0.049998 -0.186377
0.049886 -0.186647
0.049773 -0.186916
0.049661 -0.187184
0.049548 -0.187451
0.049436 -0.187718
0.049323 -0.187984
0.049210 -0.188250
0.049096 -0.188514
0.048983 -0.188778
0.048869 -0.189042
0.048755 -0.189304
0.048641 -0.189566
0.048527 -0.189828
0.048412 -0.190088
0.048298 -0.190348
0.048183 -0.190607
0.048068 -0.190866
0.047953 -0.191124
0.047838 -0.191381
0.047723 -0.191638
0.047607 -0.191893
0.047491 -0.192149
0.047375 -0.192403
0.047259 -0.192657
0.047143 -0.192910
0.047027 -0.193163
0.046910 -0.193415
0.046793 -0.193666
0.046676 -0.193916
0.046559 -0.194166
0.046442 -0.194415
0.046325 -0.194664
0.046207 -0.194912
0.046090 -0.195159
0.045972 -0.195406
0.045854 -0.195652
0.045736 -0.195897
0.045617 -0.196142
0.045499 -0.196386
0.045380 -0.196629
0.045262 -0.196872
0.045143 -0.197114
0.045024 -0.197355
0.044904 -0.197596
0.044785 -0.197836
0.044666 -0.198075
0.044546 -0.198314
0.044426 -0.198552
0.044306 -0.198790
0.044186 -0.199027
0.044066 -0.199263
0.043946 -0.199499
0.043825 -0.199734
0.043705 -0.199968
0.043584 -0.200202
0.043463 -0.200435
0.043342 -0.200668
0.043221 -0.200900
0.043100 -0.201131
0.042978 -0.201362
0.042857 -0.201592
0.042735 -0.201821
0.042613 -0.202050
0.042491 -0.202278
0.042369 -0.202505
0.042247 -0.202732
0.042125 -0.202959
0.042002 -0.203184
0.041880 -0.203409
0.041757 -0.203634
0.041634 -0.203858
0.041511 -0.204081
0.041388 -0.204303
0.041265 -0.204525
0.041141 -0.204747
0.041018 -0.204968
0.040894 -0.205188
0.040771 -0.205407
0.040647 -0.205626
0.040523 -0.205845
0.040399 -0.206063
0.040275 -0.206280
0.040150 -0.206496
0.040026 -0.206712
0.039901 -0.206928
0.039777 -0.207142
0.039652 -0.207357
0.039527 -0.207570
0.039402 -0.207783
0.039277 -0.207996
0.039152 -0.208207
0.039027 -0.208419
0.038901 -0.208629
0.038776 -0.208839
0.038650 -0.209049
0.038524 -0.209257
0.038398 -0.209466
0.038272 -0.209673
0.038146 -0.209880
0.038020 -0.210087
0.037894 -0.210293
0.037767 -0.210498
0.037641 -0.210703
0.037514 -0.210907
0.037388 -0.211111
0.037261 -0.211314
0.037134 -0.211516
0.037007 -0.211718
0.036880 -0.211919
0.036753 -0.212120
0.036625 -0.212320
0.036498 -0.212520
0.036370 -0.212719
0.036243 -0.212917
0.036115 -0.213115
0.035987 -0.213312
0.035859 -0.213509
0.035731 -0.213705
0.035603 -0.213901
0.035475 -0.214096
0.035347 -0.214290
0.035218 -0.214484
0.035090 -0.214677
0.034961 -0.214870
0.034833 -0.215062
0.034704 -0.215254
0.034575 -0.215445
0.034446 -0.215636
0.034317 -0.215826
0.034188 -0.216015
0.034059 -0.216204
0.033930 -0.216392
0.033800 -0.216580
0.033671 -0.216767
0.033541 -0.216953
0.033412 -0.217140
0.033282 -0.217325
0.033152 -0.217510
0.033022 -0.217694
0.032892 -0.217878
0.032762 -0.218062
0.032632 -0.218244
0.032502 -0.218426
0.032372 -0.218608
0.032241 -0.218789
0.032111 -0.218970
0.031981 -0.219150
0.031850 -0.219329
0.031719 -0.219508
0.031588 -0.219686
0.031458 -0.219864
0.031327 -0.220042
0.031196 -0.220218
0.031065 -0.220395
0.030934 -0.220570
0.030802 -0.220745
0.030671 -0.220920
0.030540 -0.221094
0.030408 -0.221268
0.030277 -0.221441
0.030145 -0.221613
0.030013 -0.221785
0.029882 -0.221956
0.029750 -0.222127
0.029618 -0.222297
0.029486 -0.222467
0.029354 -0.222636
0.029222 -0.222805
0.029090 -0.222973
0.028957 -0.223141
0.028825 -0.223308
0.028693 -0.223475
0.028560 -0.223641
0.028428 -0.223806
0.028295 -0.223971
0.028163 -0.224136
0.028030 -0.224300
0.027897 -0.224463
0.027764 -0.224626
0.027631 -0.224788
0.027499 -0.224950
0.027365 -0.225112
0.027232 -0.225273
0.027099 -0.225433
0.026966 -0.225593
0.026833 -0.225752
0.026699 -0.225911
0.026566 -0.226069
0.026433 -0.226227
0.026299 -0.226384
0.026165 -0.226540
0.026032 -0.226697
0.025898 -0.226852
0.025764 -0.227007
0.025631 -0.227162
0.025497 -0.227316
0.025363 -0.227470
0.025229 -0.227623
0.025095 -0.227775
0.024961 -0.227927
0.024826 -0.228079
0.024692 -0.228230
0.024558 -0.228380
0.024424 -0.228531
0.024289 -0.228680
0.024155 -0.228829
0.024020 -0.228978
0.023886 -0.229126
0.023751 -0.229273
0.023617 -0.229420
0.023482 -0.229566
0.023347 -0.229712
0.023212 -0.229858
0.023077 -0.230003
0.022943 -0.230147
0.022808 -0.230291
0.022673 -0.230435
0.022538 -0.230578
0.022402 -0.230720
0.022267 -0.230862
0.022132 -0.231004
0.021997 -0.231144
0.021862 -0.231285
0.021726 -0.231425
0.021591 -0.231564
0.021455 -0.231703
0.021320 -0.231842
0.021184 -0.231980
0.021049 -0.232117
0.020913 -0.232254
0.020778 -0.232391
0.020642 -0.232527
0.020506 -0.232662
0.020370 -0.232797
0.020235 -0.232932
0.020099 -0.233066
0.019963 -0.233199
0.019827 -0.233332
0.019691 -0.233465
0.019555 -0.233597
0.019419 -0.233729
0.019283 -0.233860
0.019146 -0.233990
0.019010 -0.234120
0.018874 -0.234250
0.018738 -0.234379
0.018601 -0.234508
0.018465 -0.234636
0.018329 -0.234764
0.018192 -0.234891
0.018056 -0.235017
0.017919 -0.235144
0.017783 -0.235269
0.017646 -0.235395
0.017509 -0.235519
0.017373 -0.235644
0.017236 -0.235767
0.017099 -0.235891
0.016963 -0.236014
0.016826 -0.236136
0.016689 -0.236258
0.016552 -0.236379
0.016415 -0.236500
0.016278 -0.236621
0.016141 -0.236741
0.016004 -0.236860
0.015867 -0.236979
0.015730 -0.237098
0.015593 -0.237216
0.015456 -0.237333
0.015319 -0.237450
0.015182 -0.237567
0.015044 -0.237683
0.014907 -0.237799
0.014770 -0.237914
0.014633 -0.238029
0.014495 -0.238143
0.014358 -0.238257
0.014221 -0.238370
0.014083 -0.238483
0.013946 -0.238595
0.013808 -0.238707
0.013671 -0.238819
0.013533 -0.238930
0.013396 -0.239040
0.013258 -0.239150
0.013120 -0.239260
0.012983 -0.239369
0.012845 -0.239477
0.012707 -0.239586
0.012570 -0.239693
0.012432 -0.239800
0.012294 -0.239907
0.012157 -0.240013
0.012019 -0.240119
0.011881 -0.240225
0.011743 -0.240329
0.011605 -0.240434
0.011467 -0.240538
0.011329 -0.240641
0.011191 -0.240744
0.011053 -0.240847
0.010915 -0.240949
0.010777 -0.241051
0.010639 -0.241152
0.010501 -0.241252
0.010363 -0.241353
0.010225 -0.241453
0.010087 -0.241552
0.009949 -0.241651
0.009811 -0.241749
0.009673 -0.241847
0.009535 -0.241944
0.009396 -0.242042
0.009258 -0.242138
0.009120 -0.242234
0.008982 -0.242330
0.008843 -0.242425
0.008705 -0.242520
0.008567 -0.242614
0.008428 -0.242708
0.008290 -0.242801
0.008152 -0.242894
0.008013 -0.242986
0.007875 -0.243078
0.007737 -0.243170
0.007598 -0.243261
0.007460 -0.243352
0.007321 -0.243442
0.007183 -0.243532
0.007044 -0.243621
0.006906 -0.243710
0.006768 -0.243798
0.006629 -0.243886
0.006490 -0.243973
0.006352 -0.244060
0.006213 -0.244147
0.006075 -0.244233
0.005936 -0.244319
0.005798 -0.244404
0.005659 -0.244489
0.005521 -0.244573
0.005382 -0.244657
0.005243 -0.244740
0.005105 -0.244823
0.004966 -0.244906
0.004827 -0.244988
0.004689 -0.245069
0.004550 -0.245150
0.004412 -0.245231
0.004273 -0.245311
0.004134 -0.245391
0.003995 -0.245470
0.003857 -0.245549
0.003718 -0.245628
0.003579 -0.245706
0.003441 -0.245783
0.003302 -0.245860
0.003163 -0.245937
0.003024 -0.246013
0.002886 -0.246089
0.002747 -0.246164
0.002608 -0.246239
0.002469 -0.246314
0.002331 -0.246388
0.002192 -0.246461
0.002053 -0.246535
0.001914 -0.246607
0.001776 -0.246679
0.001637 -0.246751
0.001498 -0.246823
0.001359 -0.246894
0.001220 -0.246964
0.001082 -0.247034
0.000943 -0.247104
0.000804 -0.247173
0.000665 -0.247241
0.000527 -0.247310
0.000388 -0.247378
0.000249 -0.247445
0.000110 -0.247512
-0.000029 -0.247578
-0.000167 -0.247644
-0.000306 -0.247710
-0.000445 -0.247775
-0.000584 -0.247840
-0.000723 -0.247904
-0.000861 -0.247968
-0.001000 -0.248032
-0.001139 -0.248095
-0.001278 -0.248157
-0.001417 -0.248219
-0.001555 -0.248281
-0.001694 -0.248342
-0.001833 -0.248403
-0.001972 -0.248463
-0.002110 -0.248523
-0.002249 -0.248583
-0.002388 -0.248642
-0.002527 -0.248701
-0.002665 -0.248759
-0.002804 -0.248817
-0.002943 -0.248874
-0.003082 -0.248931
-0.003220 -0.248987
-0.003359 -0.249043
-0.003498 -0.249099
-0.003637 -0.249154
-0.003775 -0.249209
-0.003914 -0.249263
-0.004053 -0.249317
-0.004191 -0.249370
-0.004330 -0.249423
-0.004469 -0.249476
-0.004607 -0.249528
-0.004746 -0.249580
-0.004885 -0.249631
-0.005023 -0.249682
-0.005162 -0.249732
-0.005301 -0.249782
-0.005439 -0.249832
-0.005578 -0.249881
-0.005716 -0.249930
-0.005855 -0.249978
-0.005994 -0.250026
-0.006132 -0.250073
-0.006271 -0.250120
-0.006409 -0.250167
-0.006548 -0.250213
-0.006686 -0.250258
-0.006825 -0.250304
-0.006963 -0.250348
-0.007102 -0.250393
-0.007240 -0.250437
-0.007379 -0.250480
-0.007517 -0.250523
-0.007656 -0.250566
-0.007794 -0.250608
-0.007933 -0.250650
-0.008071 -0.250692
-0.008209 -0.250733
-0.008348 -0.250773
-0.008486 -0.250813
-0.008624 -0.250853
-0.008763 -0.250892
-0.008901 -0.250931
-0.009039 -0.250969
-0.009178 -0.251007
-0.009316 -0.251045
-0.009454 -0.251082
-0.009592 -0.251119
-0.009731 -0.251155
-0.009869 -0.251191
-0.010007 -0.251226
-0.010145 -0.251261
-0.010283 -0.251296
-0.010421 -0.251330
-0.010560 -0.251364
-0.010698 -0.251397
-0.010836 -0.251430
-0.010974 -0.251463
-0.011112 -0.251495
-0.011250 -0.251526
-0.011388 -0.251557
-0.011526 -0.251588
-0.011664 -0.251618
-0.011802 -0.251648
-0.011940 -0.251678
-0.012078 -0.251707
-0.012215 -0.251736
-0.012353 -0.251764
-0.012491 -0.251792
-0.012629 -0.251819
-0.012767 -0.251846
-0.012905 -0.251873
-0.013042 -0.251899
-0.013180 -0.251924
-0.013318 -0.251950
-0.013455 -0.251975
-0.013593 -0.251999
-0.013731 -0.252023
-0.013868 -0.252047
-0.014006 -0.252070
-0.014144 -0.252092
-0.014281 -0.252115
-0.014419 -0.252137
-0.014556 -0.252158
-0.014694 -0.252179
-0.014831 -0.252200
-0.014969 -0.252220
-0.015106 -0.252240
-0.015243 -0.252259
-0.015381 -0.252278
-0.015518 -0.252297
-0.015655 -0.252315
-0.015793 -0.252333
-0.015930 -0.252350
-0.016067 -0.252367
-0.016204 -0.252383
-0.016342 -0.252399
-0.016479 -0.252415
-0.016616 -0.252430
-0.016753 -0.252445
-0.016890 -0.252459
-0.017027 -0.252473
-0.017164 -0.252487
-0.017301 -0.252500
-0.017438 -0.252513
-0.017575 -0.252525
-0.017712 -0.252537
-0.017849 -0.252548
-0.017985 -0.252559
-0.018122 -0.252570
-0.018259 -0.252580
-0.018396 -0.252590
-0.018533 -0.252599
-0.018669 -0.252608
-0.018806 -0.252616
-0.018942 -0.252625
-0.019079 -0.252632
-0.019216 -0.252639
-0.019352 -0.252646
-0.019489 -0.252653
-0.019625 -0.252659
-0.019762 -0.252664
-0.019898 -0.252670
-0.020034 -0.252674
-0.020171 -0.252679
-0.020307 -0.252683
-0.020443 -0.252686
-0.020579 -0.252689
-0.020716 -0.252692
-0.020852 -0.252694
-0.020988 -0.252696
-0.021124 -0.252697
-0.021260 -0.252698
-0.021396 -0.252699
-0.021532 -0.252699
-0.021668 -0.252699
-0.021804 -0.252698
-0.021940 -0.252697
-0.022076 -0.252696
-0.022212 -0.252694
-0.022347 -0.252692
-0.022483 -0.252689
-0.022619 -0.252686
-0.022754 -0.252682
-0.022890 -0.252678
-0.023026 -0.252674
-0.023161 -0.252669
-0.023297 -0.252664
-0.023432 -0.252658
-0.023568 -0.252652
-0.023703 -0.252646
-0.023838 -0.252639
-0.023974 -0.252632
-0.024109 -0.252624
-0.024244 -0.252616
-0.024379 -0.252607
-0.024515 -0.252598
-0.024650 -0.252589
-0.024785 -0.252579
-0.024920 -0.252569
-0.025055 -0.252558
-0.025190 -0.252547
-0.025325 -0.252536
-0.025460 -0.252524
-0.025594 -0.252512
-0.025729 -0.252499
-0.025864 -0.252486
-0.025999 -0.252473
-0.026133 -0.252459
-0.026268 -0.252444
-0.026403 -0.252430
-0.026537 -0.252414
-0.026672 -0.252399
-0.026806 -0.252383
-0.026940 -0.252366
-0.027075 -0.252350
-0.027209 -0.252332
-0.027343 -0.252315
-0.027478 -0.252297
-0.027612 -0.252278
-0.027746 -0.252259
-0.027880 -0.252240
-0.028014 -0.252220
-0.028148 -0.252200
-0.028282 -0.252180
-0.028416 -0.252159
-0.028550 -0.252138
-0.028684 -0.252116
-0.028817 -0.252094
-0.028951 -0.252071
-0.029085 -0.252048
-0.029218 -0.252025
-0.029352 -0.252001
-0.029486 -0.251976
-0.029619 -0.251952
-0.029752 -0.251927
-0.029886 -0.251901
-0.030019 -0.251875
-0.030152 -0.251849
-0.030286 -0.251822
-0.030419 -0.251795
-0.030552 -0.251768
-0.030685 -0.251740
-0.030818 -0.251711
-0.030951 -0.251682
-0.031084 -0.251653
-0.031217 -0.251624
-0.031350 -0.251594
-0.031483 -0.251563
-0.031615 -0.251532
-0.031748 -0.251501
-0.031881 -0.251469
-0.032013 -0.251437
-0.032146 -0.251405
-0.032278 -0.251372
-0.032411 -0.251338
-0.032543 -0.251305
-0.032675 -0.251271
-0.032807 -0.251236
-0.032940 -0.251201
-0.033072 -0.251166
-0.033204 -0.251130
-0.033336 -0.251094
-0.033468 -0.251057
-0.033600 -0.251020
-0.033732 -0.250982
-0.033864 -0.250944
-0.033995 -0.250906
-0.034127 -0.250867
-0.034259 -0.250828
-0.034390 -0.250789
-0.034522 -0.250749
-0.034653 -0.250708
-0.034785 -0.250668
-0.034916 -0.250626
-0.035047 -0.250585
-0.035179 -0.250543
-0.035310 -0.250500
-0.035441 -0.250458
-0.035572 -0.250414
-0.035703 -0.250371
-0.035834 -0.250327
-0.035965 -0.250282
-0.036096 -0.250237
-0.036226 -0.250192
-0.036357 -0.250146
-0.036488 -0.250100
-0.036618 -0.250053
-0.036749 -0.250006
-0.036879 -0.249959
-0.037010 -0.249911
-0.037140 -0.249863
-0.037270 -0.249814
-0.037401 -0.249765
-0.037531 -0.249716
-0.037661 -0.249666
-0.037791 -0.249616
-0.037921 -0.249565
-0.038051 -0.249514
-0.038181 -0.249462
-0.038310 -0.249410
-0.038440 -0.249358
-0.038570 -0.249305
-0.038699 -0.249252
-0.038829 -0.249198
-0.038958 -0.249144
-0.039088 -0.249090
-0.039217 -0.249035
-0.039346 -0.248980
-0.039476 -0.248924
-0.039605 -0.248868
-0.039734 -0.248811
-0.039863 -0.248754
-0.039992 -0.248697
-0.040121 -0.248639
-0.040250 -0.248581
-0.040378 -0.248522
-0.040507 -0.248463
-0.040636 -0.248404
-0.040764 -0.248344
-0.040893 -0.248284
-0.041021 -0.248223
-0.041149 -0.248162
-0.041278 -0.248100
-0.041406 -0.248038
-0.041534 -0.247976
-0.041662 -0.247913
-0.041790 -0.247850
-0.041918 -0.247787
-0.042046 -0.247723
-0.042173 -0.247658
-0.042301 -0.247593
-0.042429 -0.247528
-0.042556 -0.247462
-0.042684 -0.247396
-0.042811 -0.247330
-0.042939 -0.247263
-0.043066 -0.247195
-0.043193 -0.247128
-0.043320 -0.247059
-0.043447 -0.246991
-0.043574 -0.246922
-0.043701 -0.246852
-0.043828 -0.246782
-0.043955 -0.246712
-0.044081 -0.246641
-0.044208 -0.246570
-0.044334 -0.246499
-0.044461 -0.246427
-0.044587 -0.246354
-0.044714 -0.246282
-0.044840 -0.246208
-0.044966 -0.246135
-0.045092 -0.246061
-0.045218 -0.245986
-0.045344 -0.245911
-0.045470 -0.245836
-0.045596 -0.245760
-0.045721 -0.245684
-0.045847 -0.245608
-0.045972 -0.245531
-0.046098 -0.245453
-0.046223 -0.245375
-0.046349 -0.245297
-0.046474 -0.245218
-0.046599 -0.245139
-0.046724 -0.245060
-0.046849 -0.244980
-0.046974 -0.244900
-0.047099 -0.244819
-0.047223 -0.244738
-0.047348 -0.244656
-0.047473 -0.244574
-0.047597 -0.244491
-0.047721 -0.244409
-0.047846 -0.244325
-0.047970 -0.244242
-0.048094 -0.244157
-0.048218 -0.244073
-0.048342 -0.243988
-0.048466 -0.243902
-0.048590 -0.243817
-0.048714 -0.243730
-0.048837 -0.243644
-0.048961 -0.243557
-0.049084 -0.243469
-0.049208 -0.243381
-0.049331 -0.243293
-0.049454 -0.243204
-0.049577 -0.243115
-0.049701 -0.243025
-0.049824 -0.242935
-0.049946 -0.242844
-0.050069 -0.242753
-0.050192 -0.242662
-0.050315 -0.242570
-0.050437 -0.242478
-0.050559 -0.242386
-0.050682 -0.242292
-0.050804 -0.242199
-0.050926 -0.242105
-0.051048 -0.242011
-0.051170 -0.241916
-0.051292 -0.241821
-0.051414 -0.241725
-0.051536 -0.241629
-0.051657 -0.241533
-0.051779 -0.241436
-0.051900 -0.241339
-0.052022 -0.241241
-0.052143 -0.241143
-0.052264 -0.241044
-0.052385 -0.240945
-0.052506 -0.240846
-0.052627 -0.240746
-0.052748 -0.240645
-0.052869 -0.240545
-0.052989 -0.240444
-0.053110 -0.240342
-0.053230 -0.240240
-0.053351 -0.240137
-0.053471 -0.240035
-0.053591 -0.239931
-0.053711 -0.239828
-0.053831 -0.239723
-0.053951 -0.239619
-0.054071 -0.239514
-0.054190 -0.239408
-0.054310 -0.239302
-0.054429 -0.239196
-0.054549 -0.239089
-0.054668 -0.238982
-0.054787 -0.238875
-0.054906 -0.238766
-0.055025 -0.238658
-0.055144 -0.238549
-0.055263 -0.238440
-0.055381 -0.238330
-0.055500 -0.238220
-0.055618 -0.238109
-0.055737 -0.237998
-0.055855 -0.237887
-0.055973 -0.237775
-0.056091 -0.237662
-0.056209 -0.237549
-0.056327 -0.237436
-0.056445 -0.237323
-0.056562 -0.237208
-0.056680 -0.237094
-0.056797 -0.236979
-0.056915 -0.236863
-0.057032 -0.236748
-0.057149 -0.236631
-0.057266 -0.236515
-0.057383 -0.236397
-0.057500 -0.236280
-0.057617 -0.236162
-0.057733 -0.236043
-0.057850 -0.235924
-0.057966 -0.235805
-0.058082 -0.235685
-0.058198 -0.235565
-0.058314 -0.235444
-0.058430 -0.235323
-0.058546 -0.235202
-0.058662 -0.235080
-0.058778 -0.234957
-0.058893 -0.234835
-0.059009 -0.234711
-0.059124 -0.234588
-0.059239 -0.234463
-0.059354 -0.234339
-0.059469 -0.234214
-0.059584 -0.234088
-0.059699 -0.233962
-0.059813 -0.233836
-0.059928 -0.233709
-0.060042 -0.233582
-0.060156 -0.233454
-0.060271 -0.233326
-0.060385 -0.233197
-0.060499 -0.233068
-0.060612 -0.232939
-0.060726 -0.232809
-0.060840 -0.232679
-0.060953 -0.232548
-0.061067 -0.232417
-0.061180 -0.232285
-0.061293 -0.232153
-0.061406 -0.232020
-0.061519 -0.231887
-0.061632 -0.231754
-0.061744 -0.231620
-0.061857 -0.231485
-0.061969 -0.231351
-0.062081 -0.231215
-0.062194 -0.231080
-0.062306 -0.230943
-0.062418 -0.230807
-0.062529 -0.230670
-0.062641 -0.230532
-0.062753 -0.230394
-0.062864 -0.230256
-0.062975 -0.230117
-0.063087 -0.229978
-0.063198 -0.229838
-0.063309 -0.229698
-0.063419 -0.229557
-0.063530 -0.229416
-0.063641 -0.229275
-0.063751 -0.229133
-0.063862 -0.228990
-0.063972 -0.228847
-0.064082 -0.228704
-0.064192 -0.228560
-0.064302 -0.228416
-0.064411 -0.228271
-0.064521 -0.228126
-0.064630 -0.227980
-0.064740 -0.227834
-0.064849 -0.227688
-0.064958 -0.227541
-0.065067 -0.227393
-0.065176 -0.227245
-0.065284 -0.227097
-0.065393 -0.226948
-0.065501 -0.226799
-0.065609 -0.226649
-0.065718 -0.226499
-0.065826 -0.226349
-0.065933 -0.226197
-0.066041 -0.226046
-0.066149 -0.225894
-0.066256 -0.225741
-0.066364 -0.225588
-0.066471 -0.225435
-0.066578 -0.225281
-0.066685 -0.225127
-0.066791 -0.224972
-0.066898 -0.224817
-0.067005 -0.224661
-0.067111 -0.224505
-0.067217 -0.224349
-0.067323 -0.224191
-0.067429 -0.224034
