-0.010929 0.002057
-0.010210 0.003738
-0.009404 0.005387
-0.008520 0.006992
-0.007569 0.008542
-0.006563 0.010030
-0.005513 0.011451
-0.004429 0.012803
-0.003322 0.014085
-0.002198 0.015300
-0.001065 0.016448
0.000073 0.017533
0.001210 0.018558
0.002344 0.019527
0.003472 0.020444
0.004591 0.021312
0.005701 0.022134
0.006799 0.022913
0.007886 0.023652
0.008960 0.024355
0.010022 0.025023
0.011071 0.025659
0.012107 0.026265
0.013130 0.026843
0.014140 0.027395
0.015138 0.027922
0.016123 0.028426
0.017096 0.028908
0.018057 0.029370
0.019005 0.029813
0.019943 0.030237
0.020869 0.030644
0.021784 0.031036
0.022688 0.031411
0.023581 0.031772
0.024464 0.032119
0.025338 0.032453
0.026201 0.032775
0.027055 0.033084
0.027900 0.033383
0.028735 0.033670
0.029562 0.033947
0.030380 0.034214
0.031189 0.034471
0.031991 0.034719
0.032784 0.034959
0.033569 0.035190
0.034347 0.035413
0.035117 0.035629
0.035880 0.035837
0.036636 0.036038
0.037385 0.036231
0.038126 0.036419
0.038862 0.036599
0.039590 0.036774
0.040312 0.036943
0.041028 0.037106
0.041738 0.037263
0.042441 0.037415
0.043139 0.037562
0.043831 0.037703
0.044517 0.037840
0.045198 0.037972
0.045873 0.038099
0.046543 0.038222
0.047207 0.038341
0.047866 0.038455
0.048520 0.038566
0.049170 0.038672
0.049814 0.038774
0.050453 0.038873
0.051088 0.038968
0.051718 0.039060
0.052344 0.039148
0.052965 0.039232
0.053581 0.039314
0.054194 0.039392
0.054801 0.039467
0.055405 0.039539
0.056005 0.039608
0.056600 0.039675
0.057192 0.039738
0.057779 0.039799
0.058363 0.039856
0.058942 0.039912
0.059518 0.039965
0.060091 0.040015
0.060659 0.040063
0.061224 0.040108
0.061785 0.040151
0.062343 0.040192
0.062897 0.040230
0.063448 0.040267
0.063996 0.040301
0.064540 0.040333
0.065081 0.040363
0.065618 0.040391
0.066153 0.040417
0.066684 0.040441
0.067212 0.040463
0.067737 0.040483
0.068259 0.040502
0.068778 0.040519
0.069294 0.040533
0.069807 0.040547
0.070317 0.040558
0.070824 0.040568
0.071329 0.040576
0.071830 0.040583
0.072329 0.040588
0.072825 0.040592
0.073319 0.040594
0.073809 0.040594
0.074297 0.040593
0.074783 0.040591
0.075266 0.040587
0.075746 0.040582
0.076224 0.040576
0.076699 0.040568
0.077171 0.040559
0.077642 0.040548
0.078110 0.040537
0.078575 0.040524
0.079038 0.040509
0.079499 0.040494
0.079957 0.040478
0.080413 0.040460
0.080867 0.040441
0.081318 0.040421
0.081768 0.040400
0.082215 0.040377
0.082659 0.040354
0.083102 0.040330
0.083543 0.040304
0.083981 0.040278
0.084417 0.040250
0.084851 0.040222
0.085283 0.040192
0.085713 0.040162
0.086141 0.040131
0.086567 0.040098
0.086991 0.040065
0.087413 0.040031
0.087833 0.039996
0.088251 0.039960
0.088667 0.039923
0.089081 0.039885
0.089493 0.039846
0.089903 0.039807
0.090312 0.039767
0.090718 0.039726
0.091123 0.039684
0.091526 0.039641
0.091927 0.039598
0.092326 0.039553
0.092724 0.039508
0.093119 0.039463
0.093513 0.039416
0.093906 0.039369
0.094296 0.039321
0.094685 0.039272
0.095072 0.039223
0.095457 0.039173
0.095841 0.039122
0.096223 0.039070
0.096603 0.039018
0.096982 0.038965
0.097359 0.038912
0.097735 0.038858
0.098108 0.038803
0.098481 0.038748
0.098851 0.038692
0.099221 0.038635
0.099588 0.038578
0.099954 0.038520
0.100319 0.038462
0.100682 0.038403
0.101043 0.038343
0.101403 0.038283
0.101761 0.038222
0.102118 0.038161
0.102474 0.038099
0.102828 0.038037
0.103180 0.037974
0.103531 0.037910
0.103881 0.037846
0.104229 0.037782
0.104576 0.037717
0.104921 0.037651
0.105265 0.037585
0.105608 0.037519
0.105949 0.037452
0.106289 0.037384
0.106627 0.037316
0.106965 0.037248
0.107300 0.037179
0.107635 0.037110
0.107968 0.037040
0.108300 0.036970
0.108630 0.036899
0.108959 0.036828
0.109287 0.036756
0.109613 0.036684
0.109939 0.036611
0.110263 0.036538
0.110585 0.036465
0.110907 0.036391
0.111227 0.036317
0.111546 0.036243
0.111864 0.036168
0.112180 0.036092
0.112495 0.036016
0.112809 0.035940
0.113122 0.035864
0.113434 0.035787
0.113744 0.035709
0.114053 0.035632
0.114361 0.035554
0.114668 0.035475
0.114974 0.035396
0.115278 0.035317
0.115581 0.035238
0.115883 0.035158
0.116184 0.035078
0.116484 0.034997
0.116783 0.034916
0.117081 0.034835
0.117377 0.034753
0.117672 0.034671
0.117967 0.034589
0.118260 0.034507
0.118552 0.034424
0.118843 0.034341
0.119132 0.034257
0.119421 0.034173
0.119709 0.034089
0.119995 0.034005
0.120281 0.033920
0.120565 0.033835
0.120849 0.033749
0.121131 0.033664
0.121412 0.033578
0.121692 0.033492
0.121971 0.033405
0.122250 0.033318
0.122527 0.033231
0.122803 0.033144
0.123078 0.033056
0.123352 0.032968
0.123625 0.032880
0.123897 0.032792
0.124168 0.032703
0.124438 0.032614
0.124707 0.032525
0.124975 0.032435
0.125242 0.032346
0.125508 0.032256
0.125773 0.032165
0.126037 0.032075
0.126300 0.031984
0.126563 0.031893
0.126824 0.031802
0.127084 0.031710
0.127343 0.031619
0.127602 0.031527
0.127859 0.031435
0.128116 0.031342
0.128371 0.031249
0.128626 0.031157
0.128880 0.031064
0.129132 0.030970
0.129384 0.030877
0.129635 0.030783
0.129885 0.030689
0.130134 0.030595
0.130383 0.030500
0.130630 0.030406
0.130876 0.030311
0.131122 0.030216
0.131367 0.030121
0.131610 0.030025
0.131853 0.029930
0.132095 0.029834
0.132336 0.029738
0.132577 0.029642
0.132816 0.029545
0.133055 0.029449
0.133292 0.029352
0.133529 0.029255
0.133765 0.029158
0.134000 0.029060
0.134234 0.028963
0.134468 0.028865
0.134700 0.028767
0.134932 0.028669
0.135163 0.028571
0.135393 0.028472
0.135622 0.028374
0.135850 0.028275
0.136078 0.028176
0.136305 0.028077
0.136531 0.027978
0.136756 0.027878
0.136980 0.027778
0.137204 0.027679
0.137426 0.027579
0.137648 0.027479
0.137869 0.027378
0.138090 0.027278
0.138309 0.027177
0.138528 0.027077
0.138746 0.026976
0.138963 0.026875
0.139179 0.026773
0.139395 0.026672
0.139610 0.026571
0.139824 0.026469
0.140037 0.026367
0.140249 0.026265
0.140461 0.026163
0.140672 0.026061
0.140882 0.025958
0.141092 0.025856
0.141300 0.025753
0.141508 0.025650
0.141715 0.025548
0.141922 0.025444
0.142127 0.025341
0.142332 0.025238
0.142536 0.025135
0.142740 0.025031
0.142943 0.024927
0.143145 0.024823
0.143346 0.024719
0.143546 0.024615
0.143746 0.024511
0.143945 0.024407
0.144143 0.024302
0.144341 0.024198
0.144538 0.024093
0.144734 0.023988
0.144929 0.023883
0.145124 0.023778
0.145318 0.023673
0.145512 0.023568
0.145704 0.023462
0.145896 0.023357
0.146087 0.023251
0.146278 0.023145
0.146468 0.023039
0.146657 0.022933
0.146845 0.022827
0.147033 0.022721
0.147220 0.022615
0.147406 0.022509
0.147592 0.022402
0.147777 0.022295
0.147961 0.022189
0.148145 0.022082
0.148328 0.021975
0.148510 0.021868
0.148692 0.021761
0.148873 0.021654
0.149053 0.021546
0.149232 0.021439
0.149411 0.021331
0.149590 0.021224
0.149767 0.021116
0.149944 0.021008
0.150120 0.020901
0.150296 0.020793
0.150471 0.020685
0.150645 0.020576
0.150819 0.020468
0.150992 0.020360
0.151164 0.020251
0.151336 0.020143
0.151507 0.020034
0.151678 0.019926
0.151847 0.019817
0.152017 0.019708
0.152185 0.019599
0.152353 0.019490
0.152520 0.019381
0.152687 0.019272
0.152853 0.019163
0.153018 0.019053
0.153183 0.018944
0.153347 0.018835
0.153511 0.018725
0.153673 0.018615
0.153836 0.018506
0.153997 0.018396
0.154158 0.018286
0.154319 0.018176
0.154478 0.018066
0.154638 0.017956
0.154796 0.017846
0.154954 0.017736
0.155111 0.017625
0.155268 0.017515
0.155424 0.017405
0.155580 0.017294
0.155735 0.017184
0.155889 0.017073
0.156043 0.016962
0.156196 0.016852
0.156348 0.016741
0.156500 0.016630
0.156651 0.016519
0.156802 0.016408
0.156952 0.016297
0.157102 0.016186
0.157251 0.016075
0.157399 0.015963
0.157547 0.015852
0.157694 0.015741
0.157841 0.015629
0.157987 0.015518
0.158132 0.015406
0.158277 0.015295
0.158422 0.015183
0.158565 0.015071
0.158708 0.014960
0.158851 0.014848
0.158993 0.014736
0.159134 0.014624
0.159275 0.014512
0.159416 0.014400
0.159555 0.014288
0.159695 0.014176
0.159833 0.014064
0.159971 0.013951
0.160109 0.013839
0.160246 0.013727
0.160382 0.013614
0.160518 0.013502
0.160653 0.013390
0.160788 0.013277
0.160922 0.013165
0.161055 0.013052
0.161188 0.012939
0.161321 0.012827
0.161453 0.012714
0.161584 0.012601
0.161715 0.012488
0.161845 0.012375
0.161975 0.012263
0.162104 0.012150
0.162233 0.012037
0.162361 0.011924
0.162488 0.011810
0.162615 0.011697
0.162742 0.011584
0.162868 0.011471
0.162993 0.011358
0.163118 0.011245
0.163243 0.011131
0.163366 0.011018
0.163490 0.010905
0.163612 0.010791
0.163735 0.010678
0.163856 0.010564
0.163977 0.010451
0.164098 0.010337
0.164218 0.010224
0.164338 0.010110
0.164457 0.009996
0.164575 0.009883
0.164693 0.009769
0.164811 0.009655
0.164928 0.009542
0.165044 0.009428
0.165160 0.009314
0.165275 0.009200
0.165390 0.009086
0.165505 0.008972
0.165619 0.008858
0.165732 0.008744
0.165845 0.008630
0.165957 0.008516
0.166069 0.008402
0.166180 0.008288
0.166291 0.008174
0.166401 0.008060
0.166511 0.007946
0.166620 0.007832
0.166729 0.007718
0.166837 0.007603
0.166945 0.007489
0.167052 0.007375
0.167159 0.007261
0.167265 0.007146
0.167371 0.007032
0.167476 0.006918
0.167581 0.006803
0.167686 0.006689
0.167789 0.006575
0.167893 0.006460
0.167995 0.006346
0.168098 0.006231
0.168199 0.006117
0.168301 0.006002
0.168402 0.005888
0.168502 0.005773
0.168602 0.005659
0.168701 0.005544
0.168800 0.005430
0.168898 0.005315
0.168996 0.005200
0.169094 0.005086
0.169190 0.004971
0.169287 0.004856
0.169383 0.004742
0.169478 0.004627
0.169573 0.004512
0.169668 0.004398
0.169762 0.004283
0.169855 0.004168
0.169948 0.004053
0.170041 0.003939
0.170133 0.003824
0.170225 0.003709
0.170316 0.003594
0.170407 0.003480
0.170497 0.003365
0.170587 0.003250
0.170676 0.003135
0.170765 0.003020
0.170853 0.002905
0.170941 0.002791
0.171028 0.002676
0.171115 0.002561
0.171202 0.002446
0.171288 0.002331
0.171373 0.002216
0.171458 0.002101
0.171543 0.001986
0.171627 0.001871
0.171711 0.001757
0.171794 0.001642
0.171877 0.001527
0.171959 0.001412
0.172041 0.001297
0.172122 0.001182
0.172203 0.001067
0.172283 0.000952
0.172363 0.000837
0.172443 0.000722
0.172522 0.000607
0.172600 0.000492
0.172679 0.000377
0.172756 0.000262
0.172834 0.000147
0.172910 0.000033
0.172987 -0.000082
0.173063 -0.000197
0.173138 -0.000312
0.173213 -0.000427
0.173288 -0.000542
0.173362 -0.000657
0.173435 -0.000772
0.173508 -0.000887
0.173581 -0.001002
0.173653 -0.001117
0.173725 -0.001232
0.173797 -0.001347
0.173868 -0.001462
0.173938 -0.001577
0.174008 -0.001692
0.174078 -0.001806
0.174147 -0.001921
0.174216 -0.002036
0.174284 -0.002151
0.174352 -0.002266
0.174419 -0.002381
0.174486 -0.002496
0.174553 -0.002611
0.174619 -0.002726
0.174685 -0.002840
0.174750 -0.002955
0.174815 -0.003070
0.174879 -0.003185
0.174943 -0.003300
0.175006 -0.003415
0.175069 -0.003529
0.175132 -0.003644
0.175194 -0.003759
0.175256 -0.003874
0.175317 -0.003989
0.175378 -0.004103
0.175438 -0.004218
0.175498 -0.004333
0.175558 -0.004448
0.175617 -0.004562
0.175676 -0.004677
0.175734 -0.004792
0.175792 -0.004906
0.175849 -0.005021
0.175906 -0.005136
0.175963 -0.005250
0.176019 -0.005365
0.176075 -0.005480
0.176130 -0.005594
0.176185 -0.005709
0.176239 -0.005824
0.176293 -0.005938
0.176347 -0.006053
0.176400 -0.006167
0.176453 -0.006282
0.176505 -0.006396
0.176557 -0.006511
0.176609 -0.006625
0.176660 -0.006740
0.176710 -0.006854
0.176761 -0.006969
0.176810 -0.007083
0.176860 -0.007197
0.176909 -0.007312
0.176957 -0.007426
0.177005 -0.007541
0.177053 -0.007655
0.177100 -0.007769
0.177147 -0.007884
0.177194 -0.007998
0.177240 -0.008112
0.177285 -0.008226
0.177331 -0.008341
0.177375 -0.008455
0.177420 -0.008569
0.177464 -0.008683
0.177507 -0.008797
0.177551 -0.008911
0.177593 -0.009025
0.177636 -0.009140
0.177678 -0.009254
0.177719 -0.009368
0.177760 -0.009482
0.177801 -0.009596
0.177841 -0.009710
0.177881 -0.009824
0.177921 -0.009937
0.177960 -0.010051
0.177998 -0.010165
0.178036 -0.010279
0.178074 -0.010393
0.178112 -0.010507
0.178149 -0.010621
0.178185 -0.010734
0.178222 -0.010848
0.178257 -0.010962
0.178293 -0.011075
0.178328 -0.011189
0.178362 -0.011303
0.178397 -0.011416
0.178430 -0.011530
0.178464 -0.011644
0.178497 -0.011757
0.178529 -0.011871
0.178562 -0.011984
0.178593 -0.012098
0.178625 -0.012211
0.178656 -0.012324
0.178686 -0.012438
0.178716 -0.012551
0.178746 -0.012664
0.178776 -0.012778
0.178805 -0.012891
0.178833 -0.013004
0.178861 -0.013117
0.178889 -0.013231
0.178917 -0.013344
0.178944 -0.013457
0.178970 -0.013570
0.178996 -0.013683
0.179022 -0.013796
0.179048 -0.013909
0.179073 -0.014022
0.179097 -0.014135
0.179122 -0.014248
0.179145 -0.014361
0.179169 -0.014474
0.179192 -0.014586
0.179215 -0.014699
0.179237 -0.014812
0.179259 -0.014925
0.179280 -0.015037
0.179301 -0.015150
0.179322 -0.015263
0.179342 -0.015375
0.179362 -0.015488
0.179382 -0.015600
0.179401 -0.015713
0.179420 -0.015825
0.179438 -0.015937
0.179456 -0.016050
0.179474 -0.016162
0.179491 -0.016275
0.179508 -0.016387
0.179524 -0.016499
0.179540 -0.016611
0.179556 -0.016723
0.179571 -0.016836
0.179586 -0.016948
0.179600 -0.017060
0.179614 -0.017172
0.179628 -0.017284
0.179641 -0.017396
0.179654 -0.017508
0.179667 -0.017619
0.179679 -0.017731
0.179691 -0.017843
0.179702 -0.017955
0.179713 -0.018066
0.179724 -0.018178
0.179734 -0.018290
0.179744 -0.018401
0.179754 -0.018513
0.179763 -0.018624
0.179771 -0.018736
0.179780 -0.018847
0.179788 -0.018959
0.179795 -0.019070
0.179802 -0.019182
0.179809 -0.019293
0.179816 -0.019404
0.179822 -0.019515
0.179827 -0.019626
0.179833 -0.019738
0.179838 -0.019849
0.179842 -0.019960
0.179846 -0.020071
0.179850 -0.020182
0.179854 -0.020292
0.179857 -0.020403
0.179859 -0.020514
0.179862 -0.020625
0.179863 -0.020736
0.179865 -0.020846
0.179866 -0.020957
0.179867 -0.021068
0.179867 -0.021178
0.179867 -0.021289
0.179867 -0.021399
0.179866 -0.021510
0.179865 -0.021620
0.179864 -0.021730
0.179862 -0.021841
0.179859 -0.021951
0.179857 -0.022061
0.179854 -0.022171
0.179850 -0.022281
0.179847 -0.022391
0.179843 -0.022501
0.179838 -0.022611
0.179833 -0.022721
0.179828 -0.022831
0.179822 -0.022941
0.179816 -0.023051
0.179810 -0.023161
0.179803 -0.023270
0.179796 -0.023380
0.179789 -0.023489
0.179781 -0.023599
0.179773 -0.023708
0.179764 -0.023818
0.179755 -0.023927
0.179746 -0.024037
0.179736 -0.024146
0.179726 -0.024255
0.179716 -0.024364
0.179705 -0.024473
0.179694 -0.024583
0.179682 -0.024692
0.179670 -0.024801
0.179658 -0.024910
0.179645 -0.025018
0.179632 -0.025127
0.179619 -0.025236
0.179605 -0.025345
0.179591 -0.025453
0.179576 -0.025562
0.179562 -0.025671
0.179546 -0.025779
0.179531 -0.025888
0.179515 -0.025996
0.179498 -0.026104
0.179482 -0.026213
0.179465 -0.026321
0.179447 -0.026429
0.179429 -0.026537
0.179411 -0.026646
0.179393 -0.026754
0.179374 -0.026862
0.179355 -0.026969
0.179335 -0.027077
0.179315 -0.027185
0.179295 -0.027293
0.179274 -0.027401
0.179253 -0.027508
0.179231 -0.027616
0.179209 -0.027723
0.179187 -0.027831
0.179165 -0.027938
0.179142 -0.028046
0.179118 -0.028153
0.179095 -0.028260
0.179071 -0.028368
0.179046 -0.028475
0.179022 -0.028582
0.178997 -0.028689
0.178971 -0.028796
0.178945 -0.028903
0.178919 -0.029010
0.178892 -0.029116
0.178866 -0.029223
0.178838 -0.029330
0.178811 -0.029436
0.178783 -0.029543
0.178754 -0.029649
0.178725 -0.029756
0.178696 -0.029862
0.178667 -0.029969
0.178637 -0.030075
0.178607 -0.030181
0.178576 -0.030287
0.178545 -0.030393
0.178514 -0.030499
0.178483 -0.030605
0.178451 -0.030711
0.178418 -0.030817
0.178386 -0.030923
0.178352 -0.031028
0.178319 -0.031134
0.178285 -0.031240
0.178251 -0.031345
0.178217 -0.031451
0.178182 -0.031556
0.178146 -0.031661
0.178111 -0.031766
0.178075 -0.031872
0.178039 -0.031977
0.178002 -0.032082
0.177965 -0.032187
0.177927 -0.032292
0.177890 -0.032397
0.177852 -0.032501
0.177813 -0.032606
0.177774 -0.032711
0.177735 -0.032815
0.177695 -0.032920
0.177656 -0.033024
0.177615 -0.033129
0.177575 -0.033233
0.177534 -0.033337
0.177492 -0.033442
0.177451 -0.033546
0.177409 -0.033650
0.177366 -0.033754
0.177323 -0.033858
0.177280 -0.033962
0.177237 -0.034065
0.177193 -0.034169
0.177149 -0.034273
0.177104 -0.034376
0.177059 -0.034480
0.177014 -0.034583
0.176968 -0.034687
0.176922 -0.034790
0.176876 -0.034893
0.176829 -0.034997
0.176782 -0.035100
0.176735 -0.035203
0.176687 -0.035306
0.176639 -0.035408
0.176590 -0.035511
0.176541 -0.035614
0.176492 -0.035717
0.176443 -0.035819
0.176393 -0.035922
0.176342 -0.036024
0.176292 -0.036127
0.176241 -0.036229
0.176189 -0.036331
0.176138 -0.036433
0.176086 -0.036535
0.176033 -0.036637
0.175980 -0.036739
0.175927 -0.036841
0.175874 -0.036943
0.175820 -0.037045
0.175766 -0.037146
0.175711 -0.037248
0.175656 -0.037349
0.175601 -0.037451
0.175545 -0.037552
0.175489 -0.037653
0.175433 -0.037755
0.175376 -0.037856
0.175319 -0.037957
0.175262 -0.038058
0.175204 -0.038159
0.175146 -0.038259
0.175087 -0.038360
0.175028 -0.038461
0.174969 -0.038561
0.174910 -0.038662
0.174850 -0.038762
0.174790 -0.038863
0.174729 -0.038963
0.174668 -0.039063
0.174607 -0.039163
0.174545 -0.039263
0.174483 -0.039363
0.174420 -0.039463
0.174358 -0.039563
0.174295 -0.039662
0.174231 -0.039762
0.174167 -0.039861
0.174103 -0.039961
0.174039 -0.040060
0.173974 -0.040159
0.173908 -0.040259
0.173843 -0.040358
0.173777 -0.040457
0.173711 -0.040556
0.173644 -0.040655
0.173577 -0.040753
0.173510 -0.040852
0.173442 -0.040951
0.173374 -0.041049
0.173305 -0.041148
0.173236 -0.041246
0.173167 -0.041344
0.173098 -0.041443
0.173028 -0.041541
0.172958 -0.041639
0.172887 -0.041737
0.172816 -0.041835
0.172745 -0.041932
0.172673 -0.042030
0.172601 -0.042128
0.172529 -0.042225
0.172456 -0.042322
0.172383 -0.042420
0.172310 -0.042517
0.172236 -0.042614
0.172162 -0.042711
0.172087 -0.042808
0.172012 -0.042905
0.171937 -0.043002
0.171862 -0.043099
0.171786 -0.043195
0.171710 -0.043292
0.171633 -0.043388
0.171556 -0.043485
0.171479 -0.043581
0.171401 -0.043677
0.171323 -0.043773
0.171244 -0.043869
0.171166 -0.043965
0.171087 -0.044061
0.171007 -0.044157
0.170927 -0.044252
0.170847 -0.044348
0.170766 -0.044443
0.170686 -0.044539
0.170604 -0.044634
0.170523 -0.044729
0.170441 -0.044824
0.170358 -0.044919
0.170276 -0.045014
0.170193 -0.045109
0.170109 -0.045203
0.170026 -0.045298
0.169941 -0.045392
0.169857 -0.045487
0.169772 -0.045581
0.169687 -0.045675
0.169601 -0.045770
0.169515 -0.045864
0.169429 -0.045957
0.169343 -0.046051
0.169256 -0.046145
0.169168 -0.046239
0.169081 -0.046332
0.168993 -0.046426
0.168904 -0.046519
0.168815 -0.046612
0.168726 -0.046705
0.168637 -0.046798
0.168547 -0.046891
0.168457 -0.046984
0.168366 -0.047077
0.168275 -0.047170
0.168184 -0.047262
0.168092 -0.047355
0.168001 -0.047447
0.167908 -0.047539
0.167815 -0.047631
0.167722 -0.047723
0.167629 -0.047815
0.167535 -0.047907
0.167441 -0.047999
0.167347 -0.048091
0.167252 -0.048182
0.167157 -0.048273
0.167061 -0.048365
0.166965 -0.048456
0.166869 -0.048547
0.166772 -0.048638
0.166675 -0.048729
0.166578 -0.048820
0.166480 -0.048910
0.166382 -0.049001
0.166283 -0.049092
0.166185 -0.049182
0.166085 -0.049272
0.165986 -0.049362
0.165886 -0.049452
0.165786 -0.049542
0.165685 -0.049632
0.165584 -0.049722
0.165483 -0.049812
0.165381 -0.049901
0.165279 -0.049990
0.165177 -0.050080
0.165074 -0.050169
0.164971 -0.050258
0.164867 -0.050347
0.164763 -0.050436
0.164659 -0.050525
0.164555 -0.050613
0.164450 -0.050702
0.164344 -0.050790
0.164239 -0.050878
0.164133 -0.050967
0.164026 -0.051055
0.163919 -0.051143
0.163812 -0.051230
0.163705 -0.051318
0.163597 -0.051406
0.163489 -0.051493
0.163380 -0.051581
0.163271 -0.051668
0.163162 -0.051755
0.163052 -0.051842
0.162942 -0.051929
0.162832 -0.052016
0.162721 -0.052103
0.162610 -0.052189
0.162498 -0.052276
0.162386 -0.052362
0.162274 -0.052448
0.162162 -0.052534
0.162049 -0.052620
0.161935 -0.052706
0.161822 -0.052792
0.161708 -0.052878
0.161593 -0.052963
0.161478 -0.053048
0.161363 -0.053134
0.161248 -0.053219
0.161132 -0.053304
0.161016 -0.053389
0.160899 -0.053474
0.160782 -0.053558
0.160665 -0.053643
0.160547 -0.053727
0.160429 -0.053811
0.160310 -0.053896
0.160191 -0.053980
0.160072 -0.054064
0.159953 -0.054147
0.159833 -0.054231
0.159712 -0.054315
0.159592 -0.054398
0.159471 -0.054481
0.159349 -0.054565
0.159228 -0.054648
0.159105 -0.054730
0.158983 -0.054813
0.158860 -0.054896
0.158737 -0.054978
0.158613 -0.055061
0.158489 -0.055143
0.158365 -0.055225
0.158240 -0.055307
0.158115 -0.055389
0.157989 -0.055471
0.157863 -0.055553
0.157737 -0.055634
0.157611 -0.055715
0.157484 -0.055797
0.157356 -0.055878
0.157229 -0.055959
0.157100 -0.056040
0.156972 -0.056120
0.156843 -0.056201
0.156714 -0.056281
0.156584 -0.056362
0.156454 -0.056442
0.156324 -0.056522
0.156193 -0.056602
0.156062 -0.056681
0.155931 -0.056761
0.155799 -0.056841
0.155667 -0.056920
0.155534 -0.056999
0.155401 -0.057078
0.155268 -0.057157
0.155134 -0.057236
0.155000 -0.057315
0.154865 -0.057393
0.154731 -0.057472
0.154595 -0.057550
0.154460 -0.057628
0.154324 -0.057706
0.154187 -0.057784
0.154051 -0.057861
0.153914 -0.057939
0.153776 -0.058016
0.153638 -0.058093
0.153500 -0.058171
0.153361 -0.058248
0.153222 -0.058324
0.153083 -0.058401
0.152943 -0.058478
0.152803 -0.058554
0.152662 -0.058630
0.152521 -0.058706
0.152380 -0.058782
0.152238 -0.058858
0.152096 -0.058934
0.151954 -0.059009
0.151811 -0.059084
0.151668 -0.059160
0.151524 -0.059235
0.151380 -0.059310
0.151236 -0.059384
0.151091 -0.059459
0.150946 -0.059533
0.150800 -0.059608
0.150654 -0.059682
0.150508 -0.059756
0.150361 -0.059830
0.150214 -0.059903
0.150067 -0.059977
0.149919 -0.060050
0.149771 -0.060123
0.149622 -0.060196
0.149473 -0.060269
0.149324 -0.060342
0.149174 -0.060415
0.149024 -0.060487
0.148873 -0.060559
0.148722 -0.060631
0.148571 -0.060703
0.148419 -0.060775
0.148267 -0.060847
0.148114 -0.060918
0.147962 -0.060990
0.147808 -0.061061
0.147655 -0.061132
0.147500 -0.061203
0.147346 -0.061273
0.147191 -0.061344
0.147036 -0.061414
0.146880 -0.061484
0.146724 -0.061554
0.146568 -0.061624
0.146411 -0.061694
0.146254 -0.061763
0.146096 -0.061833
0.145938 -0.061902
0.145779 -0.061971
0.145621 -0.062040
0.145461 -0.062108
0.145302 -0.062177
0.145142 -0.062245
0.144981 -0.062313
0.144821 -0.062381
0.144659 -0.062449
0.144498 -0.062517
0.144336 -0.062584
0.144173 -0.062652
0.144011 -0.062719
0.143847 -0.062786
0.143684 -0.062853
0.143520 -0.062919
0.143355 -0.062986
0.143190 -0.063052
0.143025 -0.063118
0.142860 -0.063184
0.142694 -0.063249
0.142527 -0.063315
0.142360 -0.063380
0.142193 -0.063446
0.142025 -0.063511
0.141857 -0.063575
0.141689 -0.063640
0.141520 -0.063704
0.141351 -0.063769
0.141181 -0.063833
0.141011 -0.063897
0.140841 -0.063960
0.140670 -0.064024
0.140498 -0.064087
0.140327 -0.064150
0.140155 -0.064213
0.139982 -0.064276
0.139809 -0.064339
0.139636 -0.064401
0.139462 -0.064463
0.139288 -0.064525
0.139113 -0.064587
0.138938 -0.064649
0.138763 -0.064710
0.138587 -0.064772
0.138411 -0.064833
0.138234 -0.064894
0.138057 -0.064954
0.137879 -0.065015
0.137702 -0.065075
0.137523 -0.065135
0.137344 -0.065195
0.137165 -0.065255
0.136986 -0.065314
0.136806 -0.065373
0.136625 -0.065432
0.136444 -0.065491
0.136263 -0.065550
0.136082 -0.065609
0.135899 -0.065667
0.135717 -0.065725
0.135534 -0.065783
0.135351 -0.065840
0.135167 -0.065898
0.134983 -0.065955
0.134798 -0.066012
0.134613 -0.066069
0.134427 -0.066126
0.134241 -0.066182
0.134055 -0.066238
0.133868 -0.066294
0.133681 -0.066350
0.133494 -0.066406
0.133305 -0.066461
0.133117 -0.066516
0.132928 -0.066571
0.132739 -0.066626
0.132549 -0.066680
0.132359 -0.066735
0.132168 -0.066789
0.131977 -0.066842
0.131786 -0.066896
0.131594 -0.066950
0.131401 -0.067003
0.131208 -0.067056
0.131015 -0.067108
0.130822 -0.067161
0.130627 -0.067213
0.130433 -0.067265
0.130238 -0.067317
0.130042 -0.067369
0.129847 -0.067420
0.129650 -0.067471
0.129454 -0.067522
0.129256 -0.067573
0.129059 -0.067623
0.128861 -0.067674
0.128662 -0.067724
0.128463 -0.067773
0.128264 -0.067823
0.128064 -0.067872
0.127864 -0.067921
0.127663 -0.067970
0.127462 -0.068019
0.127260 -0.068067
0.127058 -0.068115
0.126856 -0.068163
0.126653 -0.068211
0.126449 -0.068258
0.126245 -0.068305
0.126041 -0.068352
0.125836 -0.068399
0.125631 -0.068445
0.125425 -0.068491
0.125219 -0.068537
0.125013 -0.068583
0.124805 -0.068628
0.124598 -0.068674
0.124390 -0.068719
0.124182 -0.068763
0.123973 -0.068808
0.123763 -0.068852
0.123554 -0.068896
0.123343 -0.068939
0.123133 -0.068983
0.122921 -0.069026
0.122710 -0.069069
0.122498 -0.069111
0.122285 -0.069154
0.122072 -0.069196
0.121859 -0.069238
0.121645 -0.069279
0.121430 -0.069320
0.121215 -0.069361
0.121000 -0.069402
0.120784 -0.069443
0.120568 -0.069483
0.120351 -0.069523
0.120134 -0.069563
0.119916 -0.069602
0.119698 -0.069641
0.119479 -0.069680
0.119260 -0.069718
0.119040 -0.069757
0.118820 -0.069795
0.118600 -0.069832
0.118379 -0.069870
0.118157 -0.069907
0.117935 -0.069944
0.117713 -0.069981
0.117490 -0.070017
0.117266 -0.070053
0.117042 -0.070089
0.116818 -0.070124
0.116593 -0.070159
0.116368 -0.070194
0.116142 -0.070229
0.115915 -0.070263
0.115688 -0.070297
0.115461 -0.070331
0.115233 -0.070364
0.115005 -0.070397
0.114776 -0.070430
0.114547 -0.070462
0.114317 -0.070494
0.114087 -0.070526
0.113856 -0.070558
0.113625 -0.070589
0.113393 -0.070620
0.113161 -0.070651
0.112928 -0.070681
0.112694 -0.070711
0.112461 -0.070741
0.112226 -0.070770
0.111992 -0.070799
0.111756 -0.070828
0.111520 -0.070856
0.111284 -0.070884
0.111047 -0.070912
0.110810 -0.070940
0.110572 -0.070967
0.110334 -0.070994
0.110095 -0.071020
0.109856 -0.071046
0.109616 -0.071072
0.109375 -0.071097
0.109134 -0.071123
0.108893 -0.071147
0.108651 -0.071172
0.108408 -0.071196
0.108165 -0.071220
0.107922 -0.071243
0.107678 -0.071266
0.107433 -0.071289
0.107188 -0.071311
0.106943 -0.071333
0.106696 -0.071355
0.106450 -0.071376
0.106203 -0.071397
0.105955 -0.071418
0.105707 -0.071438
0.105458 -0.071458
0.105208 -0.071478
0.104959 -0.071497
0.104708 -0.071516
0.104457 -0.071534
0.104206 -0.071552
0.103954 -0.071570
0.103701 -0.071587
0.103448 -0.071604
0.103194 -0.071621
0.102940 -0.071637
0.102686 -0.071653
0.102430 -0.071669
0.102174 -0.071684
0.101918 -0.071698
0.101661 -0.071713
0.101404 -0.071726
0.101146 -0.071740
0.100887 -0.071753
0.100628 -0.071766
0.100368 -0.071778
0.100108 -0.071790
0.099847 -0.071802
0.099586 -0.071813
0.099324 -0.071823
0.099061 -0.071834
0.098798 -0.071844
0.098535 -0.071853
0.098270 -0.071862
0.098006 -0.071871
0.097740 -0.071879
0.097474 -0.071887
0.097208 -0.071894
0.096941 -0.071901
0.096673 -0.071908
0.096405 -0.071914
0.096136 -0.071920
0.095867 -0.071925
0.095597 -0.071930
0.095326 -0.071934
0.095055 -0.071938
0.094783 -0.071941
0.094511 -0.071944
0.094238 -0.071947
0.093965 -0.071949
0.093691 -0.071951
0.093416 -0.071952
0.093141 -0.071953
0.092865 -0.071953
0.092588 -0.071953
0.092311 -0.071952
0.092034 -0.071951
0.091755 -0.071950
0.091476 -0.071948
0.091197 -0.071945
0.090917 -0.071942
0.090636 -0.071939
0.090355 -0.071935
0.090073 -0.071930
0.089790 -0.071925
0.089507 -0.071920
0.089223 -0.071914
0.088939 -0.071907
0.088654 -0.071900
0.088368 -0.071893
0.088082 -0.071885
0.087795 -0.071876
0.087507 -0.071867
0.087219 -0.071858
0.086930 -0.071848
0.086641 -0.071837
0.086351 -0.071826
0.086060 -0.071815
0.085769 -0.071802
0.085477 -0.071790
0.085184 -0.071777
0.084891 -0.071763
0.084597 -0.071748
0.084302 -0.071733
0.084007 -0.071718
0.083711 -0.071702
0.083414 -0.071685
0.083117 -0.071668
0.082819 -0.071651
0.082521 -0.071632
0.082221 -0.071613
0.081921 -0.071594
0.081621 -0.071574
0.081320 -0.071553
0.081018 -0.071532
0.080715 -0.071510
0.080412 -0.071488
0.080108 -0.071465
0.079803 -0.071441
0.079498 -0.071417
0.079192 -0.071392
0.078885 -0.071367
0.078578 -0.071341
0.078270 -0.071314
0.077961 -0.071287
0.077652 -0.071259
0.077341 -0.071230
0.077031 -0.071201
0.076719 -0.071171
0.076407 -0.071140
0.076094 -0.071109
0.075780 -0.071077
0.075466 -0.071044
0.075150 -0.071011
0.074834 -0.070977
0.074518 -0.070942
0.074201 -0.070907
0.073883 -0.070871
0.073564 -0.070834
0.073244 -0.070797
0.072924 -0.070759
0.072603 -0.070720
0.072281 -0.070680
0.071959 -0.070640
0.071636 -0.070599
0.071312 -0.070557
0.070987 -0.070515
0.070661 -0.070471
0.070335 -0.070427
0.070008 -0.070382
0.069680 -0.070337
0.069352 -0.070290
0.069023 -0.070243
0.068693 -0.070195
0.068362 -0.070147
0.068030 -0.070097
0.067698 -0.070047
0.067365 -0.069996
0.067031 -0.069944
0.066696 -0.069891
0.066360 -0.069838
0.066024 -0.069783
0.065687 -0.069728
0.065349 -0.069672
0.065010 -0.069615
0.064671 -0.069557
0.064330 -0.069498
0.063989 -0.069439
0.063647 -0.069378
0.063304 -0.069317
0.062960 -0.069254
0.062616 -0.069191
0.062271 -0.069127
0.061925 -0.069062
0.061578 -0.068996
0.061230 -0.068929
0.060881 -0.068861
0.060531 -0.068792
0.060181 -0.068723
0.059830 -0.068652
0.059478 -0.068580
0.059125 -0.068507
0.058771 -0.068434
0.058416 -0.068359
0.058061 -0.068283
0.057704 -0.068206
0.057347 -0.068128
0.056989 -0.068049
0.056629 -0.067969
0.056269 -0.067888
0.055908 -0.067806
0.055547 -0.067723
0.055184 -0.067638
0.054820 -0.067553
0.054456 -0.067466
0.054090 -0.067378
0.053724 -0.067289
0.053357 -0.067199
0.052988 -0.067108
0.052619 -0.067016
0.052249 -0.066922
0.051878 -0.066827
0.051506 -0.066731
0.051133 -0.066634
0.050759 -0.066535
0.050384 -0.066435
0.050008 -0.066334
0.049631 -0.066232
0.049253 -0.066128
0.048874 -0.066023
0.048495 -0.065917
0.048114 -0.065809
0.047732 -0.065700
0.047349 -0.065589
0.046965 -0.065478
0.046581 -0.065364
0.046195 -0.065250
0.045808 -0.065133
0.045420 -0.065016
0.045031 -0.064897
0.044641 -0.064776
0.044250 -0.064654
0.043858 -0.064531
0.043465 -0.064405
0.043071 -0.064279
0.042676 -0.064150
0.042279 -0.064020
0.041882 -0.063889
0.041483 -0.063756
0.041084 -0.063621
0.040683 -0.063484
0.040282 -0.063346
0.039879 -0.063206
0.039475 -0.063064
0.039070 -0.062921
0.038664 -0.062775
0.038256 -0.062628
0.037848 -0.062479
0.037438 -0.062328
0.037027 -0.062175
0.036616 -0.062021
0.036203 -0.061864
0.035788 -0.061705
0.035373 -0.061544
0.034957 -0.061382
0.034539 -0.061217
0.034120 -0.061050
0.033700 -0.060881
0.033279 -0.060710
0.032856 -0.060536
0.032432 -0.060361
0.032007 -0.060183
0.031581 -0.060002
0.031154 -0.059820
0.030725 -0.059635
0.030295 -0.059448
0.029864 -0.059258
0.029432 -0.059065
0.028998 -0.058871
0.028563 -0.058673
0.028127 -0.058473
0.027690 -0.058271
0.027251 -0.058065
0.026811 -0.057857
0.026370 -0.057646
0.025927 -0.057432
0.025483 -0.057216
0.025038 -0.056996
0.024591 -0.056773
0.024143 -0.056548
0.023694 -0.056319
0.023244 -0.056087
0.022792 -0.055851
0.022339 -0.055613
0.021884 -0.055371
0.021428 -0.055126
0.020971 -0.054877
0.020512 -0.054624
0.020052 -0.054368
0.019590 -0.054109
0.019128 -0.053845
0.018663 -0.053577
0.018198 -0.053306
0.017731 -0.053031
0.017263 -0.052751
0.016793 -0.052467
0.016322 -0.052179
0.015849 -0.051886
0.015376 -0.051589
0.014900 -0.051288
0.014424 -0.050981
0.013946 -0.050670
0.013466 -0.050353
0.012986 -0.050032
0.012504 -0.049705
0.012020 -0.049373
0.011535 -0.049036
0.011049 -0.048693
0.010562 -0.048344
0.010073 -0.047989
0.009583 -0.047628
0.009092 -0.047261
0.008599 -0.046887
0.008106 -0.046506
0.007611 -0.046119
0.007115 -0.045725
0.006617 -0.045323
0.006119 -0.044914
0.005620 -0.044497
0.005119 -0.044072
0.004618 -0.043639
0.004116 -0.043197
0.003613 -0.042746
0.003109 -0.042287
0.002604 -0.041818
0.002099 -0.041339
0.001593 -0.040850
0.001087 -0.040350
0.000581 -0.039840
0.000074 -0.039318
-0.000432 -0.038784
-0.000939 -0.038238
-0.001445 -0.037679
-0.001950 -0.037107
-0.002455 -0.036521
-0.002959 -0.035921
-0.003462 -0.035305
-0.003963 -0.034674
-0.004462 -0.034026
-0.004959 -0.033360
-0.005453 -0.032676
-0.005944 -0.031973
-0.006431 -0.031250
-0.006914 -0.030505
-0.007392 -0.029739
-0.007864 -0.028948
-0.008329 -0.028133
-0.008786 -0.027291
-0.009234 -0.026422
-0.009672 -0.025523
-0.010098 -0.024592
-0.010511 -0.023629
-0.010908 -0.022631
-0.011287 -0.021595
-0.011645 -0.020520
-0.011980 -0.019404
-0.012288 -0.018244
-0.012564 -0.017037
-0.012805 -0.015782
-0.013004 -0.014476
-0.013157 -0.013118
-0.013256 -0.011707
-0.013294 -0.010242
-0.013264 -0.008725
-0.013158 -0.007159
-0.012968 -0.005546
-0.012688 -0.003896
-0.012313 -0.002216
-0.011838 -0.000518
-0.011263 0.001184
-0.010592 0.002876
-0.009829 0.004543
-0.008984 0.006172
-0.008066 0.007751
-0.007087 0.009272
-0.006058 0.010728
-0.004991 0.012115
-0.003895 0.013434
-0.002778 0.014683
-0.001649 0.015864
-0.000513 0.016982
0.000625 0.018037
0.001761 0.019035
0.002892 0.019978
0.004016 0.020871
0.005130 0.021716
0.006235 0.022517
0.007328 0.023276
0.008408 0.023998
0.009477 0.024683
0.010532 0.025336
0.011575 0.025957
0.012605 0.026549
0.013622 0.027114
0.014626 0.027653
0.015617 0.028169
0.016596 0.028662
0.017563 0.029135
0.018518 0.029587
0.019461 0.030021
0.020393 0.030437
0.021314 0.030836
0.022223 0.031219
0.023122 0.031588
0.024011 0.031942
0.024889 0.032283
0.025758 0.032611
0.026617 0.032926
0.027466 0.033230
0.028306 0.033523
0.029137 0.033805
0.029960 0.034077
0.030774 0.034340
0.031579 0.034592
0.032377 0.034837
0.033166 0.035072
0.033948 0.035299
0.034722 0.035519
0.035488 0.035730
0.036248 0.035935
0.037000 0.036132
0.037745 0.036323
0.038484 0.036507
0.039216 0.036685
0.039941 0.036856
0.040660 0.037022
0.041373 0.037182
0.042080 0.037337
0.042780 0.037487
0.043475 0.037631
0.044164 0.037770
0.044848 0.037904
0.045526 0.038034
0.046198 0.038159
0.046865 0.038280
0.047527 0.038397
0.048184 0.038509
0.048836 0.038617
0.049483 0.038722
0.050125 0.038822
0.050762 0.038919
0.051394 0.039013
0.052022 0.039103
0.052646 0.039189
0.053264 0.039272
0.053879 0.039352
0.054489 0.039429
0.055095 0.039502
0.055697 0.039573
0.056294 0.039640
0.056888 0.039705
0.057477 0.039767
0.058063 0.039827
0.058644 0.039883
0.059222 0.039937
0.059796 0.039989
0.060367 0.040038
0.060934 0.040085
0.061497 0.040129
0.062056 0.040171
0.062612 0.040210
0.063165 0.040248
0.063714 0.040283
0.064260 0.040316
0.064803 0.040347
0.065342 0.040376
0.065878 0.040403
0.066411 0.040428
0.066941 0.040451
0.067467 0.040473
0.067991 0.040492
0.068511 0.040510
0.069029 0.040526
0.069543 0.040540
0.070055 0.040552
0.070563 0.040563
0.071069 0.040572
0.071572 0.040579
0.072073 0.040585
0.072570 0.040590
0.073065 0.040592
0.073557 0.040594
0.074046 0.040594
0.074533 0.040592
0.075017 0.040589
0.075499 0.040585
0.075978 0.040579
0.076454 0.040572
0.076928 0.040563
0.077400 0.040553
0.077869 0.040542
0.078336 0.040530
0.078800 0.040516
0.079262 0.040502
0.079721 0.040486
0.080179 0.040469
0.080633 0.040450
0.081086 0.040431
0.081536 0.040410
0.081985 0.040389
0.082431 0.040366
0.082874 0.040342
0.083316 0.040317
0.083755 0.040291
0.084193 0.040264
0.084628 0.040236
0.085061 0.040207
0.085492 0.040177
0.085921 0.040146
0.086348 0.040114
0.086773 0.040082
0.087196 0.040048
0.087617 0.040013
0.088036 0.039978
0.088453 0.039941
0.088868 0.039904
0.089281 0.039866
0.089692 0.039827
0.090102 0.039787
0.090509 0.039746
0.090915 0.039705
0.091319 0.039663
0.091721 0.039620
0.092121 0.039576
0.092519 0.039531
0.092916 0.039486
0.093311 0.039440
0.093704 0.039393
0.094095 0.039345
0.094485 0.039297
0.094873 0.039248
0.095259 0.039198
0.095643 0.039147
0.096026 0.039096
0.096408 0.039045
0.096787 0.038992
0.097165 0.038939
0.097541 0.038885
0.097916 0.038831
0.098289 0.038776
0.098661 0.038720
0.099031 0.038664
0.099399 0.038607
0.099766 0.038549
0.100131 0.038491
0.100495 0.038433
0.100857 0.038373
0.101218 0.038313
0.101577 0.038253
0.101934 0.038192
0.102291 0.038130
0.102645 0.038068
0.102999 0.038006
0.103351 0.037943
0.103701 0.037879
0.104050 0.037815
0.104397 0.037750
0.104743 0.037685
0.105088 0.037619
0.105431 0.037553
0.105773 0.037486
0.106114 0.037419
0.106453 0.037351
0.106791 0.037283
0.107127 0.037214
0.107462 0.037145
0.107796 0.037075
0.108129 0.037005
0.108460 0.036935
0.108790 0.036864
0.109118 0.036792
0.109445 0.036720
0.109771 0.036648
0.110096 0.036575
0.110419 0.036502
0.110741 0.036429
0.111062 0.036355
0.111382 0.036280
0.111700 0.036206
0.112017 0.036130
0.112333 0.036055
0.112647 0.035979
0.112961 0.035902
0.113273 0.035826
0.113584 0.035749
0.113894 0.035671
0.114202 0.035593
0.114510 0.035515
0.114816 0.035436
0.115121 0.035357
0.115425 0.035278
0.115728 0.035198
0.116029 0.035118
0.116330 0.035038
0.116629 0.034957
0.116927 0.034876
0.117224 0.034795
0.117520 0.034713
0.117815 0.034631
0.118109 0.034548
0.118401 0.034466
0.118693 0.034383
0.118983 0.034299
0.119272 0.034216
0.119560 0.034132
0.119848 0.034047
0.120134 0.033963
0.120419 0.033878
0.120703 0.033793
0.120985 0.033707
0.121267 0.033621
0.121548 0.033535
0.121828 0.033449
0.122106 0.033362
0.122384 0.033275
0.122660 0.033188
0.122936 0.033101
0.123211 0.033013
0.123484 0.032925
0.123757 0.032836
0.124028 0.032748
0.124299 0.032659
0.124568 0.032570
0.124837 0.032481
0.125104 0.032391
0.125371 0.032301
0.125637 0.032211
0.125901 0.032121
0.126165 0.032030
0.126427 0.031939
0.126689 0.031848
0.126950 0.031757
0.127210 0.031665
0.127469 0.031573
0.127727 0.031481
0.127983 0.031389
0.128240 0.031296
0.128495 0.031204
0.128749 0.031111
0.129002 0.031017
0.129254 0.030924
0.129506 0.030830
0.129756 0.030737
0.130006 0.030642
0.130255 0.030548
0.130502 0.030454
0.130749 0.030359
0.130995 0.030264
0.131240 0.030169
0.131485 0.030074
0.131728 0.029978
0.131970 0.029882
0.132212 0.029786
0.132453 0.029690
0.132692 0.029594
0.132931 0.029497
0.133170 0.029401
0.133407 0.029304
0.133643 0.029207
0.133879 0.029110
0.134113 0.029012
0.134347 0.028914
0.134580 0.028817
0.134812 0.028719
0.135044 0.028620
0.135274 0.028522
0.135504 0.028424
0.135733 0.028325
0.135961 0.028226
0.136188 0.028127
0.136414 0.028028
0.136640 0.027928
0.136864 0.027829
0.137088 0.027729
0.137311 0.027629
0.137534 0.027529
0.137755 0.027429
0.137976 0.027329
0.138196 0.027228
0.138415 0.027127
0.138633 0.027027
0.138851 0.026926
0.139068 0.026825
0.139283 0.026723
0.139499 0.026622
0.139713 0.026520
0.139927 0.026419
0.140140 0.026317
0.140352 0.026215
0.140563 0.026112
0.140774 0.026010
0.140983 0.025908
0.141192 0.025805
0.141401 0.025702
0.141608 0.025600
0.141815 0.025497
0.142021 0.025393
0.142226 0.025290
0.142431 0.025187
0.142635 0.025083
0.142838 0.024980
0.143040 0.024876
0.143242 0.024772
0.143443 0.024668
0.143643 0.024564
0.143842 0.024459
0.144041 0.024355
0.144239 0.024251
0.144436 0.024146
0.144633 0.024041
0.144828 0.023936
0.145024 0.023831
0.145218 0.023726
0.145412 0.023621
0.145605 0.023516
0.145797 0.023410
0.145988 0.023304
0.146179 0.023199
0.146369 0.023093
0.146559 0.022987
0.146748 0.022881
0.146936 0.022775
0.147123 0.022669
0.147310 0.022562
0.147496 0.022456
0.147681 0.022349
0.147866 0.022243
0.148050 0.022136
0.148233 0.022029
0.148416 0.021922
0.148598 0.021815
0.148779 0.021708
0.148960 0.021601
0.149140 0.021493
0.149319 0.021386
0.149497 0.021278
0.149675 0.021171
0.149853 0.021063
0.150029 0.020955
0.150205 0.020847
0.150380 0.020739
0.150555 0.020631
0.150729 0.020523
0.150902 0.020415
0.151075 0.020306
0.151247 0.020198
0.151419 0.020089
0.151589 0.019981
0.151760 0.019872
0.151929 0.019763
0.152098 0.019654
0.152266 0.019545
0.152434 0.019436
0.152601 0.019327
0.152767 0.019218
0.152933 0.019109
0.153098 0.018999
0.153262 0.018890
0.153426 0.018780
0.153589 0.018671
0.153752 0.018561
0.153914 0.018451
0.154075 0.018342
0.154236 0.018232
0.154396 0.018122
0.154555 0.018012
0.154714 0.017902
0.154872 0.017791
0.155030 0.017681
0.155187 0.017571
0.155343 0.017460
0.155499 0.017350
0.155654 0.017239
0.155809 0.017129
0.155963 0.017018
0.156116 0.016908
0.156269 0.016797
0.156421 0.016686
0.156573 0.016575
0.156724 0.016464
0.156874 0.016353
0.157024 0.016242
0.157174 0.016131
0.157322 0.016020
0.157470 0.015908
0.157618 0.015797
0.157765 0.015686
0.157911 0.015574
0.158057 0.015463
0.158202 0.015351
0.158347 0.015239
0.158491 0.015128
0.158634 0.015016
0.158777 0.014904
0.158919 0.014792
0.159061 0.014680
0.159202 0.014569
0.159343 0.014457
0.159483 0.014344
0.159622 0.014232
0.159761 0.014120
0.159899 0.014008
0.160037 0.013896
0.160174 0.013783
0.160311 0.013671
0.160447 0.013559
0.160583 0.013446
0.160718 0.013334
0.160852 0.013221
0.160986 0.013109
0.161119 0.012996
0.161252 0.012883
0.161384 0.012771
0.161516 0.012658
0.161647 0.012545
0.161777 0.012432
0.161908 0.012319
0.162037 0.012207
0.162166 0.012094
0.162294 0.011981
0.162422 0.011868
0.162549 0.011754
0.162676 0.011641
0.162802 0.011528
0.162928 0.011415
0.163053 0.011302
0.163178 0.011188
0.163302 0.011075
0.163425 0.010962
0.163548 0.010848
0.163671 0.010735
0.163793 0.010622
0.163914 0.010508
0.164035 0.010395
0.164156 0.010281
0.164275 0.010167
0.164395 0.010054
0.164513 0.009940
0.164632 0.009826
0.164750 0.009713
0.164867 0.009599
0.164983 0.009485
0.165100 0.009371
0.165215 0.009258
0.165330 0.009144
0.165445 0.009030
0.165559 0.008916
0.165673 0.008802
0.165786 0.008688
0.165899 0.008574
0.166011 0.008460
0.166122 0.008346
0.166233 0.008232
0.166344 0.008118
0.166454 0.008004
0.166563 0.007889
0.166672 0.007775
0.166781 0.007661
0.166889 0.007547
0.166996 0.007433
0.167103 0.007318
0.167210 0.007204
0.167316 0.007090
0.167421 0.006975
0.167527 0.006861
0.167631 0.006747
0.167735 0.006632
0.167839 0.006518
0.167942 0.006403
0.168044 0.006289
0.168146 0.006174
0.168248 0.006060
0.168349 0.005945
0.168449 0.005831
0.168549 0.005716
0.168649 0.005602
0.168748 0.005487
0.168847 0.005373
0.168945 0.005258
0.169043 0.005143
0.169140 0.005029
0.169236 0.004914
0.169333 0.004799
0.169428 0.004685
0.169524 0.004570
0.169618 0.004455
0.169713 0.004341
0.169806 0.004226
0.169900 0.004111
0.169993 0.003996
0.170085 0.003882
0.170177 0.003767
0.170268 0.003652
0.170359 0.003537
0.170450 0.003423
0.170540 0.003308
0.170629 0.003193
0.170718 0.003078
0.170807 0.002963
0.170895 0.002848
0.170982 0.002733
0.171070 0.002619
0.171156 0.002504
0.171242 0.002389
0.171328 0.002274
0.171413 0.002159
0.171498 0.002044
0.171583 0.001929
0.171667 0.001814
0.171750 0.001699
0.171833 0.001585
0.171915 0.001470
0.171998 0.001355
0.172079 0.001240
0.172160 0.001125
0.172241 0.001010
0.172321 0.000895
0.172401 0.000780
0.172480 0.000665
0.172559 0.000550
0.172637 0.000435
0.172715 0.000320
0.172793 0.000205
0.172870 0.000090
0.172946 -0.000025
0.173023 -0.000140
0.173098 -0.000254
0.173173 -0.000369
0.173248 -0.000484
0.173322 -0.000599
0.173396 -0.000714
0.173470 -0.000829
0.173543 -0.000944
0.173615 -0.001059
0.173687 -0.001174
0.173759 -0.001289
0.173830 -0.001404
0.173901 -0.001519
0.173971 -0.001634
0.174041 -0.001749
0.174110 -0.001864
0.174179 -0.001978
0.174248 -0.002093
0.174316 -0.002208
0.174384 -0.002323
0.174451 -0.002438
0.174517 -0.002553
0.174584 -0.002668
0.174650 -0.002783
0.174715 -0.002898
0.174780 -0.003012
0.174845 -0.003127
0.174909 -0.003242
0.174972 -0.003357
0.175036 -0.003472
0.175099 -0.003587
0.175161 -0.003701
0.175223 -0.003816
0.175284 -0.003931
0.175346 -0.004046
0.175406 -0.004160
0.175466 -0.004275
0.175526 -0.004390
0.175586 -0.004505
0.175644 -0.004619
0.175703 -0.004734
0.175761 -0.004849
0.175819 -0.004963
0.175876 -0.005078
0.175933 -0.005193
0.175989 -0.005307
0.176045 -0.005422
0.176100 -0.005537
0.176156 -0.005651
0.176210 -0.005766
0.176264 -0.005881
0.176318 -0.005995
0.176372 -0.006110
0.176425 -0.006224
0.176477 -0.006339
0.176529 -0.006453
0.176581 -0.006568
0.176632 -0.006682
0.176683 -0.006797
0.176734 -0.006911
0.176784 -0.007026
0.176833 -0.007140
0.176882 -0.007254
0.176931 -0.007369
0.176979 -0.007483
0.177027 -0.007597
0.177075 -0.007712
0.177122 -0.007826
0.177169 -0.007940
0.177215 -0.008055
0.177261 -0.008169
0.177306 -0.008283
0.177351 -0.008397
0.177396 -0.008512
0.177440 -0.008626
0.177484 -0.008740
0.177527 -0.008854
0.177570 -0.008968
0.177613 -0.009082
0.177655 -0.009196
0.177697 -0.009310
0.177738 -0.009424
0.177779 -0.009538
0.177819 -0.009652
0.177859 -0.009766
0.177899 -0.009880
0.177938 -0.009994
0.177977 -0.010108
0.178016 -0.010222
0.178054 -0.010336
0.178091 -0.010450
0.178128 -0.010563
0.178165 -0.010677
0.178202 -0.010791
0.178238 -0.010905
0.178273 -0.011018
0.178309 -0.011132
0.178343 -0.011246
0.178378 -0.011359
0.178412 -0.011473
0.178445 -0.011587
0.178479 -0.011700
0.178511 -0.011814
0.178544 -0.011927
0.178576 -0.012041
0.178607 -0.012154
0.178638 -0.012267
0.178669 -0.012381
0.178700 -0.012494
0.178730 -0.012608
0.178759 -0.012721
0.178788 -0.012834
0.178817 -0.012947
0.178846 -0.013061
0.178874 -0.013174
0.178901 -0.013287
0.178928 -0.013400
0.178955 -0.013513
0.178982 -0.013626
0.179008 -0.013739
0.179033 -0.013852
0.179058 -0.013965
0.179083 -0.014078
0.179108 -0.014191
0.179132 -0.014304
0.179155 -0.014417
0.179179 -0.014530
0.179202 -0.014643
0.179224 -0.014755
0.179246 -0.014868
0.179268 -0.014981
0.179289 -0.015093
0.179310 -0.015206
0.179330 -0.015319
0.179351 -0.015431
0.179370 -0.015544
0.179390 -0.015656
0.179409 -0.015769
0.179427 -0.015881
0.179445 -0.015993
0.179463 -0.016106
0.179480 -0.016218
0.179497 -0.016330
0.179514 -0.016443
0.179530 -0.016555
0.179546 -0.016667
0.179562 -0.016779
0.179577 -0.016891
0.179591 -0.017003
0.179606 -0.017115
0.179620 -0.017227
0.179633 -0.017339
0.179646 -0.017451
0.179659 -0.017563
0.179671 -0.017675
0.179683 -0.017787
0.179695 -0.017899
0.179706 -0.018010
0.179717 -0.018122
0.179727 -0.018234
0.179738 -0.018345
0.179747 -0.018457
0.179757 -0.018569
0.179765 -0.018680
0.179774 -0.018792
0.179782 -0.018903
0.179790 -0.019014
0.179797 -0.019126
0.179804 -0.019237
0.179811 -0.019348
0.179817 -0.019459
0.179823 -0.019571
0.179829 -0.019682
0.179834 -0.019793
0.179838 -0.019904
0.179843 -0.020015
0.179847 -0.020126
0.179850 -0.020237
0.179854 -0.020348
0.179856 -0.020459
0.179859 -0.020569
0.179861 -0.020680
0.179863 -0.020791
0.179864 -0.020902
0.179865 -0.021012
0.179865 -0.021123
0.179866 -0.021233
0.179866 -0.021344
0.179865 -0.021454
0.179864 -0.021565
0.179863 -0.021675
0.179861 -0.021785
0.179859 -0.021896
0.179857 -0.022006
0.179854 -0.022116
0.179851 -0.022226
0.179847 -0.022336
0.179843 -0.022446
0.179839 -0.022556
0.179834 -0.022666
0.179829 -0.022776
0.179824 -0.022886
0.179818 -0.022996
0.179812 -0.023106
0.179805 -0.023215
0.179798 -0.023325
0.179791 -0.023435
0.179783 -0.023544
0.179775 -0.023654
0.179767 -0.023763
0.179758 -0.023872
0.179749 -0.023982
0.179739 -0.024091
0.179730 -0.024200
0.179719 -0.024310
0.179709 -0.024419
0.179698 -0.024528
0.179686 -0.024637
0.179675 -0.024746
0.179663 -0.024855
0.179650 -0.024964
0.179637 -0.025073
0.179624 -0.025182
0.179610 -0.025290
0.179597 -0.025399
0.179582 -0.025508
0.179568 -0.025616
0.179552 -0.025725
0.179537 -0.025833
0.179521 -0.025942
0.179505 -0.026050
0.179489 -0.026159
0.179472 -0.026267
0.179454 -0.026375
0.179437 -0.026483
0.179419 -0.026591
0.179401 -0.026699
0.179382 -0.026807
0.179363 -0.026915
0.179343 -0.027023
0.179323 -0.027131
0.179303 -0.027239
0.179283 -0.027347
0.179262 -0.027454
0.179241 -0.027562
0.179219 -0.027670
0.179197 -0.027777
0.179174 -0.027885
0.179152 -0.027992
0.179129 -0.028099
0.179105 -0.028207
0.179081 -0.028314
0.179057 -0.028421
0.179033 -0.028528
0.179008 -0.028635
0.178982 -0.028742
0.178957 -0.028849
0.178931 -0.028956
0.178904 -0.029063
0.178878 -0.029170
0.178851 -0.029276
0.178823 -0.029383
0.178795 -0.029490
0.178767 -0.029596
0.178738 -0.029703
0.178710 -0.029809
0.178680 -0.029915
0.178651 -0.030022
0.178621 -0.030128
0.178590 -0.030234
0.178560 -0.030340
0.178528 -0.030446
0.178497 -0.030552
0.178465 -0.030658
0.178433 -0.030764
0.178400 -0.030870
0.178368 -0.030975
0.178334 -0.031081
0.178301 -0.031187
0.178267 -0.031292
0.178232 -0.031398
0.178198 -0.031503
0.178163 -0.031609
0.178127 -0.031714
0.178091 -0.031819
0.178055 -0.031924
0.178019 -0.032029
0.177982 -0.032134
0.177945 -0.032239
0.177907 -0.032344
0.177869 -0.032449
0.177831 -0.032554
0.177792 -0.032659
0.177753 -0.032763
0.177714 -0.032868
0.177674 -0.032972
0.177634 -0.033077
0.177594 -0.033181
0.177553 -0.033285
0.177512 -0.033390
0.177470 -0.033494
0.177428 -0.033598
0.177386 -0.033702
0.177343 -0.033806
0.177300 -0.033910
0.177257 -0.034014
0.177213 -0.034117
0.177169 -0.034221
0.177125 -0.034325
0.177080 -0.034428
0.177035 -0.034532
0.176990 -0.034635
0.176944 -0.034738
0.176898 -0.034842
0.176851 -0.034945
0.176804 -0.035048
0.176757 -0.035151
0.176709 -0.035254
0.176661 -0.035357
0.176613 -0.035460
0.176564 -0.035563
0.176515 -0.035665
0.176466 -0.035768
0.176416 -0.035871
0.176366 -0.035973
0.176316 -0.036076
0.176265 -0.036178
0.176214 -0.036280
0.176162 -0.036382
0.176110 -0.036484
0.176058 -0.036586
0.176005 -0.036688
0.175952 -0.036790
0.175899 -0.036892
0.175845 -0.036994
0.175791 -0.037096
0.175737 -0.037197
0.175682 -0.037299
0.175627 -0.037400
0.175572 -0.037502
0.175516 -0.037603
0.175460 -0.037704
0.175403 -0.037805
0.175346 -0.037906
0.175289 -0.038007
0.175232 -0.038108
0.175174 -0.038209
0.175115 -0.038310
0.175057 -0.038410
0.174998 -0.038511
0.174938 -0.038612
0.174878 -0.038712
0.174818 -0.038812
0.174758 -0.038913
0.174697 -0.039013
0.174636 -0.039113
0.174575 -0.039213
0.174513 -0.039313
0.174450 -0.039413
0.174388 -0.039513
0.174325 -0.039612
0.174262 -0.039712
0.174198 -0.039812
0.174134 -0.039911
0.174070 -0.040011
0.174005 -0.040110
0.173940 -0.040209
0.173874 -0.040308
0.173809 -0.040407
0.173743 -0.040506
0.173676 -0.040605
0.173609 -0.040704
0.173542 -0.040803
0.173474 -0.040902
0.173407 -0.041000
0.173338 -0.041099
0.173270 -0.041197
0.173201 -0.041295
0.173131 -0.041394
0.173062 -0.041492
0.172992 -0.041590
0.172921 -0.041688
0.172850 -0.041786
0.172779 -0.041883
0.172708 -0.041981
0.172636 -0.042079
0.172564 -0.042176
0.172491 -0.042274
0.172418 -0.042371
0.172345 -0.042469
0.172272 -0.042566
0.172198 -0.042663
0.172123 -0.042760
0.172049 -0.042857
0.171974 -0.042954
0.171898 -0.043050
0.171823 -0.043147
0.171746 -0.043244
0.171670 -0.043340
0.171593 -0.043437
0.171516 -0.043533
0.171439 -0.043629
0.171361 -0.043725
0.171282 -0.043821
0.171204 -0.043917
0.171125 -0.044013
0.171046 -0.044109
0.170966 -0.044205
0.170886 -0.044300
0.170806 -0.044396
0.170725 -0.044491
0.170644 -0.044586
0.170562 -0.044682
0.170481 -0.044777
0.170398 -0.044872
0.170316 -0.044967
0.170233 -0.045061
0.170150 -0.045156
0.170066 -0.045251
0.169982 -0.045345
0.169898 -0.045440
0.169813 -0.045534
0.169728 -0.045628
0.169643 -0.045723
0.169557 -0.045817
0.169471 -0.045911
0.169385 -0.046005
0.169298 -0.046098
0.169211 -0.046192
0.169123 -0.046286
0.169035 -0.046379
0.168947 -0.046472
0.168859 -0.046566
0.168770 -0.046659
0.168680 -0.046752
0.168591 -0.046845
0.168501 -0.046938
0.168410 -0.047031
0.168320 -0.047123
0.168229 -0.047216
0.168137 -0.047309
0.168045 -0.047401
0.167953 -0.047493
0.167861 -0.047585
0.167768 -0.047678
0.167675 -0.047770
0.167581 -0.047861
0.167487 -0.047953
0.167393 -0.048045
0.167298 -0.048136
0.167203 -0.048228
0.167108 -0.048319
0.167012 -0.048411
0.166916 -0.048502
0.166819 -0.048593
0.166722 -0.048684
0.166625 -0.048775
0.166528 -0.048865
0.166430 -0.048956
0.166332 -0.049046
0.166233 -0.049137
0.166134 -0.049227
0.166035 -0.049317
0.165935 -0.049408
0.165835 -0.049498
0.165734 -0.049587
0.165634 -0.049677
0.165532 -0.049767
0.165431 -0.049856
0.165329 -0.049946
0.165227 -0.050035
0.165124 -0.050125
0.165021 -0.050214
0.164918 -0.050303
0.164814 -0.050392
0.164710 -0.050480
0.164606 -0.050569
0.164501 -0.050658
0.164396 -0.050746
0.164290 -0.050834
0.164184 -0.050923
0.164078 -0.051011
0.163972 -0.051099
0.163865 -0.051187
0.163757 -0.051275
0.163650 -0.051362
0.163542 -0.051450
0.163433 -0.051537
0.163325 -0.051625
0.163215 -0.051712
0.163106 -0.051799
0.162996 -0.051886
0.162886 -0.051973
0.162775 -0.052059
0.162664 -0.052146
0.162553 -0.052233
0.162441 -0.052319
0.162329 -0.052405
0.162217 -0.052491
0.162104 -0.052577
0.161991 -0.052663
0.161877 -0.052749
0.161764 -0.052835
0.161649 -0.052920
0.161535 -0.053006
0.161420 -0.053091
0.161304 -0.053176
0.161189 -0.053262
0.161073 -0.053347
0.160956 -0.053431
0.160839 -0.053516
0.160722 -0.053601
0.160605 -0.053685
0.160487 -0.053770
0.160368 -0.053854
0.160250 -0.053938
0.160131 -0.054022
0.160011 -0.054106
0.159892 -0.054189
0.159772 -0.054273
0.159651 -0.054357
0.159530 -0.054440
0.159409 -0.054523
0.159287 -0.054606
0.159165 -0.054689
0.159043 -0.054772
0.158920 -0.054855
0.158797 -0.054937
0.158674 -0.055020
0.158550 -0.055102
0.158426 -0.055184
0.158301 -0.055267
0.158176 -0.055349
0.158051 -0.055430
0.157925 -0.055512
0.157799 -0.055594
0.157673 -0.055675
0.157546 -0.055756
0.157419 -0.055837
0.157291 -0.055919
0.157163 -0.055999
0.157035 -0.056080
0.156907 -0.056161
0.156778 -0.056241
0.156648 -0.056322
0.156518 -0.056402
0.156388 -0.056482
0.156258 -0.056562
0.156127 -0.056642
0.155995 -0.056722
0.155864 -0.056801
0.155732 -0.056880
0.155599 -0.056960
0.155467 -0.057039
0.155333 -0.057118
0.155200 -0.057197
0.155066 -0.057276
0.154932 -0.057354
0.154797 -0.057433
0.154662 -0.057511
0.154527 -0.057589
0.154391 -0.057667
0.154255 -0.057745
0.154118 -0.057823
0.153981 -0.057900
0.153844 -0.057978
0.153706 -0.058055
0.153568 -0.058132
0.153430 -0.058209
0.153291 -0.058286
0.153151 -0.058363
0.153012 -0.058440
0.152872 -0.058516
0.152732 -0.058592
0.152591 -0.058668
0.152450 -0.058744
0.152308 -0.058820
0.152166 -0.058896
0.152024 -0.058972
0.151881 -0.059047
0.151738 -0.059122
0.151595 -0.059197
0.151451 -0.059272
0.151307 -0.059347
0.151162 -0.059422
0.151017 -0.059496
0.150872 -0.059571
0.150726 -0.059645
0.150580 -0.059719
0.150434 -0.059793
0.150287 -0.059867
0.150140 -0.059940
0.149992 -0.060014
0.149844 -0.060087
0.149695 -0.060160
0.149547 -0.060233
0.149397 -0.060306
0.149248 -0.060379
0.149098 -0.060451
0.148947 -0.060524
0.148797 -0.060596
0.148645 -0.060668
0.148494 -0.060740
0.148342 -0.060811
0.148190 -0.060883
0.148037 -0.060954
0.147884 -0.061026
0.147730 -0.061097
0.147576 -0.061168
0.147422 -0.061238
0.147267 -0.061309
0.147112 -0.061379
0.146957 -0.061450
0.146801 -0.061520
0.146645 -0.061590
0.146488 -0.061659
0.146331 -0.061729
0.146174 -0.061798
0.146016 -0.061868
0.145858 -0.061937
0.145699 -0.062006
0.145540 -0.062074
0.145381 -0.062143
0.145221 -0.062211
0.145061 -0.062280
0.144900 -0.062348
0.144739 -0.062416
0.144578 -0.062483
0.144416 -0.062551
0.144254 -0.062618
0.144091 -0.062686
0.143928 -0.062753
0.143765 -0.062819
0.143601 -0.062886
0.143436 -0.062953
0.143272 -0.063019
0.143107 -0.063085
0.142941 -0.063151
0.142776 -0.063217
0.142609 -0.063283
0.142443 -0.063348
0.142276 -0.063413
0.142108 -0.063478
0.141940 -0.063543
0.141772 -0.063608
0.141604 -0.063673
0.141434 -0.063737
0.141265 -0.063801
0.141095 -0.063865
0.140925 -0.063929
0.140754 -0.063992
0.140583 -0.064056
0.140412 -0.064119
0.140240 -0.064182
0.140067 -0.064245
0.139895 -0.064308
0.139721 -0.064370
0.139548 -0.064433
0.139374 -0.064495
0.139199 -0.064557
0.139025 -0.064618
0.138849 -0.064680
0.138674 -0.064741
0.138498 -0.064802
0.138321 -0.064863
0.138144 -0.064924
0.137967 -0.064985
0.137789 -0.065045
0.137611 -0.065105
0.137433 -0.065165
0.137254 -0.065225
0.137075 -0.065285
0.136895 -0.065344
0.136715 -0.065403
0.136534 -0.065462
0.136353 -0.065521
0.136171 -0.065580
0.135989 -0.065638
0.135807 -0.065696
0.135624 -0.065754
0.135441 -0.065812
0.135258 -0.065869
0.135074 -0.065927
0.134889 -0.065984
0.134704 -0.066041
0.134519 -0.066098
0.134333 -0.066154
0.134147 -0.066210
0.133961 -0.066267
0.133774 -0.066322
0.133586 -0.066378
0.133399 -0.066434
0.133210 -0.066489
0.133022 -0.066544
0.132832 -0.066599
0.132643 -0.066653
0.132453 -0.066708
0.132262 -0.066762
0.132072 -0.066816
0.131880 -0.066870
0.131689 -0.066923
0.131496 -0.066976
0.131304 -0.067029
0.131111 -0.067082
0.130917 -0.067135
0.130724 -0.067187
0.130529 -0.067240
0.130334 -0.067292
0.130139 -0.067343
0.129944 -0.067395
0.129747 -0.067446
0.129551 -0.067497
0.129354 -0.067548
0.129157 -0.067598
0.128959 -0.067649
0.128760 -0.067699
0.128562 -0.067749
0.128363 -0.067799
0.128163 -0.067848
0.127963 -0.067897
0.127762 -0.067946
0.127561 -0.067995
0.127360 -0.068043
0.127158 -0.068092
0.126956 -0.068140
0.126753 -0.068187
0.126550 -0.068235
0.126346 -0.068282
0.126142 -0.068329
0.125938 -0.068376
0.125733 -0.068422
0.125527 -0.068469
0.125321 -0.068515
0.125115 -0.068561
0.124908 -0.068606
0.124701 -0.068651
0.124493 -0.068696
0.124285 -0.068741
0.124076 -0.068786
0.123867 -0.068830
0.123658 -0.068874
0.123448 -0.068918
0.123237 -0.068961
0.123026 -0.069005
0.122815 -0.069048
0.122603 -0.069090
0.122390 -0.069133
0.122178 -0.069175
0.121964 -0.069217
0.121751 -0.069259
0.121536 -0.069300
0.121322 -0.069341
0.121107 -0.069382
0.120891 -0.069423
0.120675 -0.069463
0.120458 -0.069503
0.120241 -0.069543
0.120024 -0.069583
0.119806 -0.069622
0.119588 -0.069661
0.119369 -0.069699
0.119149 -0.069738
0.118929 -0.069776
0.118709 -0.069814
0.118488 -0.069852
0.118267 -0.069889
0.118045 -0.069926
0.117823 -0.069963
0.117600 -0.069999
0.117377 -0.070035
0.117153 -0.070071
0.116929 -0.070107
0.116704 -0.070142
0.116479 -0.070177
0.116254 -0.070212
0.116028 -0.070246
0.115801 -0.070280
0.115574 -0.070314
0.115346 -0.070348
0.115118 -0.070381
0.114890 -0.070414
0.114661 -0.070446
0.114431 -0.070479
0.114201 -0.070511
0.113970 -0.070542
0.113739 -0.070574
0.113508 -0.070605
0.113276 -0.070636
0.113043 -0.070666
0.112810 -0.070696
0.112577 -0.070726
0.112343 -0.070756
0.112108 -0.070785
0.111873 -0.070814
0.111637 -0.070842
0.111401 -0.070871
0.111165 -0.070899
0.110928 -0.070926
0.110690 -0.070954
0.110452 -0.070981
0.110213 -0.071007
0.109974 -0.071033
0.109735 -0.071059
0.109494 -0.071085
0.109254 -0.071110
0.109013 -0.071135
0.108771 -0.071160
0.108529 -0.071184
0.108286 -0.071208
0.108043 -0.071232
0.107799 -0.071255
0.107555 -0.071278
0.107310 -0.071301
0.107064 -0.071323
0.106819 -0.071345
0.106572 -0.071366
0.106325 -0.071387
0.106078 -0.071408
0.105830 -0.071429
0.105581 -0.071449
0.105332 -0.071468
0.105083 -0.071488
0.104832 -0.071507
0.104582 -0.071525
0.104331 -0.071544
0.104079 -0.071562
0.103827 -0.071579
0.103574 -0.071596
0.103320 -0.071613
0.103066 -0.071629
0.102812 -0.071645
0.102557 -0.071661
0.102301 -0.071676
0.102045 -0.071691
0.101789 -0.071706
0.101531 -0.071720
0.101274 -0.071733
0.101015 -0.071747
0.100757 -0.071760
0.100497 -0.071772
0.100237 -0.071784
0.099977 -0.071796
0.099715 -0.071807
0.099454 -0.071818
0.099192 -0.071829
0.098929 -0.071839
0.098665 -0.071849
0.098402 -0.071858
0.098137 -0.071867
0.097872 -0.071875
0.097606 -0.071883
0.097340 -0.071891
0.097073 -0.071898
0.096806 -0.071905
0.096538 -0.071911
0.096270 -0.071917
0.096000 -0.071923
0.095731 -0.071928
0.095461 -0.071932
0.095190 -0.071936
0.094918 -0.071940
0.094646 -0.071943
0.094374 -0.071946
0.094100 -0.071948
0.093827 -0.071950
0.093552 -0.071952
0.093277 -0.071953
0.093002 -0.071953
0.092726 -0.071953
0.092449 -0.071953
0.092171 -0.071952
0.091893 -0.071951
0.091615 -0.071949
0.091336 -0.071947
0.091056 -0.071944
0.090775 -0.071941
0.090494 -0.071937
0.090213 -0.071933
0.089930 -0.071928
0.089648 -0.071923
0.089364 -0.071917
0.089080 -0.071911
0.088795 -0.071904
0.088510 -0.071897
0.088224 -0.071889
0.087937 -0.071881
0.087650 -0.071872
0.087362 -0.071863
0.087074 -0.071853
0.086785 -0.071843
0.086495 -0.071832
0.086204 -0.071821
0.085913 -0.071809
0.085622 -0.071796
0.085329 -0.071783
0.085036 -0.071770
0.084743 -0.071756
0.084448 -0.071741
0.084153 -0.071726
0.083858 -0.071710
0.083562 -0.071694
0.083265 -0.071677
0.082967 -0.071660
0.082669 -0.071642
0.082370 -0.071623
0.082070 -0.071604
0.081770 -0.071584
0.081469 -0.071564
0.081168 -0.071543
0.080865 -0.071521
0.080563 -0.071499
0.080259 -0.071477
0.079955 -0.071453
0.079650 -0.071429
0.079344 -0.071405
0.079038 -0.071380
0.078731 -0.071354
0.078423 -0.071327
0.078114 -0.071300
0.077805 -0.071273
0.077495 -0.071244
0.077185 -0.071215
0.076874 -0.071186
0.076562 -0.071156
0.076249 -0.071125
0.075936 -0.071093
0.075622 -0.071061
0.075307 -0.071028
0.074991 -0.070994
0.074675 -0.070960
0.074358 -0.070925
0.074041 -0.070889
0.073722 -0.070853
0.073403 -0.070816
0.073083 -0.070778
0.072762 -0.070739
0.072441 -0.070700
0.072119 -0.070660
0.071796 -0.070620
0.071473 -0.070578
0.071148 -0.070536
0.070823 -0.070493
0.070497 -0.070449
0.070171 -0.070405
0.069843 -0.070360
0.069515 -0.070314
0.069186 -0.070267
0.068857 -0.070220
0.068526 -0.070171
0.068195 -0.070122
0.067863 -0.070072
0.067530 -0.070022
0.067197 -0.069970
0.066862 -0.069918
0.066527 -0.069865
0.066191 -0.069811
0.065854 -0.069756
0.065517 -0.069700
0.065178 -0.069643
0.064839 -0.069586
0.064499 -0.069528
0.064159 -0.069469
0.063817 -0.069409
0.063475 -0.069348
0.063131 -0.069286
0.062787 -0.069223
0.062442 -0.069159
0.062097 -0.069095
0.061750 -0.069029
0.061403 -0.068963
0.061054 -0.068895
0.060705 -0.068827
0.060355 -0.068758
0.060004 -0.068687
0.059653 -0.068616
0.059300 -0.068544
0.058947 -0.068471
0.058593 -0.068396
0.058237 -0.068321
0.057881 -0.068245
0.057524 -0.068167
0.057167 -0.068089
0.056808 -0.068009
0.056448 -0.067929
0.056088 -0.067847
0.055727 -0.067764
0.055364 -0.067681
0.055001 -0.067596
0.054637 -0.067510
0.054272 -0.067422
0.053906 -0.067334
0.053539 -0.067244
0.053171 -0.067154
0.052803 -0.067062
0.052433 -0.066969
0.052062 -0.066875
0.051691 -0.066779
0.051318 -0.066682
0.050945 -0.066584
0.050570 -0.066485
0.050195 -0.066385
0.049818 -0.066283
0.049441 -0.066180
0.049063 -0.066076
0.048683 -0.065970
0.048303 -0.065863
0.047922 -0.065755
0.047540 -0.065645
0.047156 -0.065534
0.046772 -0.065421
0.046387 -0.065307
0.046000 -0.065192
0.045613 -0.065075
0.045224 -0.064956
0.044835 -0.064837
0.044445 -0.064715
0.044053 -0.064592
0.043660 -0.064468
0.043267 -0.064342
0.042872 -0.064215
0.042476 -0.064085
0.042079 -0.063955
0.041682 -0.063822
0.041283 -0.063688
0.040883 -0.063553
0.040481 -0.063415
0.040079 -0.063276
0.039676 -0.063135
0.039271 -0.062992
0.038866 -0.062848
0.038459 -0.062702
0.038051 -0.062554
0.037642 -0.062404
0.037232 -0.062252
0.036820 -0.062098
0.036408 -0.061942
0.035994 -0.061785
0.035580 -0.061625
0.035164 -0.061463
0.034747 -0.061299
0.034328 -0.061133
0.033909 -0.060965
0.033488 -0.060795
0.033066 -0.060623
0.032643 -0.060448
0.032219 -0.060272
0.031793 -0.060093
0.031366 -0.059911
0.030938 -0.059727
0.030509 -0.059541
0.030079 -0.059353
0.029647 -0.059162
0.029214 -0.058968
0.028780 -0.058772
0.028344 -0.058573
0.027907 -0.058372
0.027469 -0.058168
0.027030 -0.057961
0.026589 -0.057752
0.026147 -0.057539
0.025704 -0.057324
0.025259 -0.057106
0.024814 -0.056885
0.024366 -0.056660
0.023918 -0.056433
0.023468 -0.056203
0.023017 -0.055969
0.022564 -0.055732
0.022110 -0.055492
