0.024890 -0.004617
0.024941 -0.005778
0.024962 -0.006931
0.024953 -0.008076
0.024916 -0.009212
0.024849 -0.010337
0.024754 -0.011450
0.024631 -0.012550
0.024481 -0.013636
0.024303 -0.014707
0.024100 -0.015762
0.023871 -0.016801
0.023618 -0.017823
0.023342 -0.018827
0.023043 -0.019813
0.022722 -0.020780
0.022380 -0.021728
0.022019 -0.022658
0.021639 -0.023567
0.021242 -0.024458
0.020827 -0.025329
0.020396 -0.026181
0.019951 -0.027013
0.019491 -0.027826
0.019018 -0.028620
0.018532 -0.029395
0.018035 -0.030152
0.017526 -0.030890
0.017007 -0.031610
0.016479 -0.032313
0.015942 -0.032997
0.015397 -0.033665
0.014843 -0.034316
0.014283 -0.034951
0.013716 -0.035569
0.013143 -0.036171
0.012565 -0.036758
0.011981 -0.037330
0.011392 -0.037888
0.010799 -0.038430
0.010203 -0.038959
0.009602 -0.039474
0.008999 -0.039976
0.008392 -0.040465
0.007783 -0.040940
0.007171 -0.041404
0.006558 -0.041855
0.005942 -0.042295
0.005325 -0.042723
0.004706 -0.043139
0.004087 -0.043545
0.003466 -0.043940
0.002844 -0.044325
0.002222 -0.044699
0.001599 -0.045064
0.000976 -0.045418
0.000353 -0.045764
-0.000270 -0.046100
-0.000894 -0.046427
-0.001517 -0.046746
-0.002140 -0.047056
-0.002762 -0.047357
-0.003384 -0.047651
-0.004006 -0.047936
-0.004626 -0.048214
-0.005246 -0.048484
-0.005866 -0.048746
-0.006484 -0.049002
-0.007102 -0.049250
-0.007718 -0.049491
-0.008333 -0.049726
-0.008948 -0.049954
-0.009561 -0.050175
-0.010173 -0.050391
-0.010783 -0.050600
-0.011393 -0.050803
-0.012001 -0.051000
-0.012608 -0.051191
-0.013213 -0.051377
-0.013817 -0.051557
-0.014419 -0.051731
-0.015020 -0.051901
-0.015620 -0.052065
-0.016217 -0.052224
-0.016814 -0.052378
-0.017409 -0.052527
-0.018002 -0.052671
-0.018593 -0.052811
-0.019183 -0.052946
-0.019772 -0.053076
-0.020358 -0.053202
-0.020943 -0.053324
-0.021527 -0.053442
-0.022108 -0.053555
-0.022688 -0.053664
-0.023267 -0.053769
-0.023843 -0.053871
-0.024418 -0.053968
-0.024991 -0.054062
-0.025563 -0.054152
-0.026133 -0.054238
-0.026700 -0.054320
-0.027267 -0.054400
-0.027831 -0.054475
-0.028394 -0.054547
-0.028955 -0.054616
-0.029514 -0.054682
-0.030072 -0.054744
-0.030628 -0.054803
-0.031182 -0.054860
-0.031734 -0.054913
-0.032285 -0.054963
-0.032833 -0.055010
-0.033380 -0.055054
-0.033926 -0.055095
-0.034469 -0.055133
-0.035011 -0.055169
-0.035552 -0.055202
-0.036090 -0.055232
-0.036627 -0.055260
-0.037162 -0.055285
-0.037695 -0.055307
-0.038226 -0.055327
-0.038756 -0.055345
-0.039284 -0.055360
-0.039811 -0.055373
-0.040336 -0.055383
-0.040859 -0.055391
-0.041380 -0.055396
-0.041900 -0.055400
-0.042418 -0.055401
-0.042934 -0.055400
-0.043448 -0.055397
-0.043961 -0.055392
-0.044473 -0.055384
-0.044982 -0.055375
-0.045490 -0.055363
-0.045997 -0.055350
-0.046501 -0.055334
-0.047004 -0.055317
-0.047506 -0.055297
-0.048006 -0.055276
-0.048504 -0.055253
-0.049000 -0.055228
-0.049495 -0.055201
-0.049989 -0.055173
-0.050480 -0.055143
-0.050971 -0.055110
-0.051459 -0.055077
-0.051946 -0.055041
-0.052432 -0.055004
-0.052915 -0.054965
-0.053398 -0.054925
-0.053878 -0.054883
-0.054358 -0.054839
-0.054835 -0.054794
-0.055311 -0.054747
-0.055786 -0.054699
-0.056259 -0.054649
-0.056730 -0.054598
-0.057200 -0.054545
-0.057668 -0.054491
-0.058135 -0.054436
-0.058601 -0.054379
-0.059065 -0.054320
-0.059527 -0.054261
-0.059988 -0.054200
-0.060447 -0.054137
-0.060905 -0.054073
-0.061362 -0.054008
-0.061817 -0.053942
-0.062270 -0.053874
-0.062723 -0.053805
-0.063173 -0.053735
-0.063622 -0.053664
-0.064070 -0.053591
-0.064516 -0.053518
-0.064961 -0.053443
-0.065405 -0.053366
-0.065847 -0.053289
-0.066287 -0.053211
-0.066727 -0.053131
-0.067165 -0.053050
-0.067601 -0.052969
-0.068036 -0.052886
-0.068470 -0.052802
-0.068902 -0.052717
-0.069333 -0.052631
-0.069762 -0.052543
-0.070190 -0.052455
-0.070617 -0.052366
-0.071042 -0.052276
-0.071466 -0.052185
-0.071889 -0.052092
-0.072311 -0.051999
-0.072731 -0.051905
-0.073149 -0.051810
-0.073567 -0.051714
-0.073983 -0.051617
-0.074397 -0.051519
-0.074811 -0.051420
-0.075223 -0.051321
-0.075633 -0.051220
-0.076043 -0.051119
-0.076451 -0.051016
-0.076858 -0.050913
-0.077263 -0.050809
-0.077668 -0.050704
-0.078071 -0.050598
-0.078472 -0.050492
-0.078873 -0.050384
-0.079272 -0.050276
-0.079670 -0.050167
-0.080067 -0.050057
-0.080462 -0.049947
-0.080856 -0.049835
-0.081249 -0.049723
-0.081641 -0.049610
-0.082031 -0.049497
-0.082420 -0.049382
-0.082808 -0.049267
-0.083195 -0.049151
-0.083580 -0.049035
-0.083965 -0.048917
-0.084348 -0.048799
-0.084730 -0.048681
-0.085110 -0.048561
-0.085490 -0.048441
-0.085868 -0.048321
-0.086245 -0.048199
-0.086621 -0.048077
-0.086996 -0.047954
-0.087369 -0.047831
-0.087741 -0.047707
-0.088113 -0.047582
-0.088483 -0.047457
-0.088851 -0.047331
-0.089219 -0.047204
-0.089585 -0.047077
-0.089951 -0.046949
-0.090315 -0.046821
-0.090678 -0.046692
-0.091040 -0.046562
-0.091400 -0.046432
-0.091760 -0.046301
-0.092118 -0.046170
-0.092476 -0.046038
-0.092832 -0.045906
-0.093187 -0.045773
-0.093541 -0.045639
-0.093894 -0.045505
-0.094245 -0.045370
-0.094596 -0.045235
-0.094945 -0.045099
-0.095294 -0.044963
-0.095641 -0.044826
-0.095987 -0.044689
-0.096332 -0.044551
-0.096676 -0.044413
-0.097019 -0.044274
-0.097361 -0.044135
-0.097701 -0.043995
-0.098041 -0.043855
-0.098379 -0.043714
-0.098717 -0.043573
-0.099053 -0.043431
-0.099389 -0.043289
-0.099723 -0.043146
-0.100056 -0.043003
-0.100388 -0.042859
-0.100719 -0.042715
-0.101049 -0.042571
-0.101378 -0.042426
-0.101706 -0.042281
-0.102033 -0.042135
-0.102359 -0.041989
-0.102683 -0.041842
-0.103007 -0.041695
-0.103330 -0.041547
-0.103651 -0.041400
-0.103972 -0.041251
-0.104292 -0.041103
-0.104610 -0.040953
-0.104928 -0.040804
-0.105244 -0.040654
-0.105560 -0.040504
-0.105874 -0.040353
-0.106188 -0.040202
-0.106500 -0.040050
-0.106812 -0.039898
-0.107122 -0.039746
-0.107432 -0.039594
-0.107740 -0.039441
-0.108047 -0.039287
-0.108354 -0.039134
-0.108659 -0.038980
-0.108964 -0.038825
-0.109267 -0.038670
-0.109570 -0.038515
-0.109871 -0.038360
-0.110172 -0.038204
-0.110472 -0.038048
-0.110770 -0.037891
-0.111068 -0.037735
-0.111364 -0.037578
-0.111660 -0.037420
-0.111955 -0.037262
-0.112249 -0.037104
-0.112541 -0.036946
-0.112833 -0.036787
-0.113124 -0.036628
-0.113414 -0.036469
-0.113703 -0.036309
-0.113991 -0.036149
-0.114278 -0.035989
-0.114564 -0.035828
-0.114849 -0.035667
-0.115134 -0.035506
-0.115417 -0.035345
-0.115699 -0.035183
-0.115981 -0.035021
-0.116261 -0.034859
-0.116541 -0.034696
-0.116819 -0.034533
-0.117097 -0.034370
-0.117374 -0.034207
-0.117650 -0.034043
-0.117925 -0.033879
-0.118199 -0.033715
-0.118472 -0.033550
-0.118744 -0.033386
-0.119015 -0.033221
-0.119286 -0.033056
-0.119555 -0.032890
-0.119824 -0.032724
-0.120091 -0.032558
-0.120358 -0.032392
-0.120624 -0.032226
-0.120889 -0.032059
-0.121153 -0.031892
-0.121416 -0.031725
-0.121678 -0.031557
-0.121940 -0.031390
-0.122200 -0.031222
-0.122460 -0.031054
-0.122718 -0.030885
-0.122976 -0.030717
-0.123233 -0.030548
-0.123489 -0.030379
-0.123744 -0.030210
-0.123999 -0.030040
-0.124252 -0.029871
-0.124504 -0.029701
-0.124756 -0.029531
-0.125007 -0.029361
-0.125257 -0.029190
-0.125506 -0.029020
-0.125754 -0.028849
-0.126001 -0.028678
-0.126248 -0.028506
-0.126493 -0.028335
-0.126738 -0.028163
-0.126982 -0.027991
-0.127225 -0.027819
-0.127467 -0.027647
-0.127708 -0.027475
-0.127949 -0.027302
-0.128188 -0.027129
-0.128427 -0.026956
-0.128665 -0.026783
-0.128902 -0.026610
-0.129138 -0.026437
-0.129374 -0.026263
-0.129608 -0.026089
-0.129842 -0.025915
-0.130075 -0.025741
-0.130307 -0.025567
-0.130538 -0.025392
-0.130768 -0.025218
-0.130998 -0.025043
-0.131226 -0.024868
-0.131454 -0.024693
-0.131681 -0.024517
-0.131907 -0.024342
-0.132133 -0.024166
-0.132357 -0.023991
-0.132581 -0.023815
-0.132804 -0.023639
-0.133026 -0.023462
-0.133247 -0.023286
-0.133468 -0.023110
-0.133687 -0.022933
-0.133906 -0.022756
-0.134124 -0.022579
-0.134341 -0.022402
-0.134558 -0.022225
-0.134773 -0.022048
-0.134988 -0.021871
-0.135202 -0.021693
-0.135415 -0.021515
-0.135627 -0.021337
-0.135839 -0.021160
-0.136049 -0.020981
-0.136259 -0.020803
-0.136468 -0.020625
-0.136677 -0.020447
-0.136884 -0.020268
-0.137091 -0.020089
-0.137297 -0.019911
-0.137502 -0.019732
-0.137706 -0.019553
-0.137910 -0.019373
-0.138113 -0.019194
-0.138315 -0.019015
-0.138516 -0.018835
-0.138716 -0.018656
-0.138916 -0.018476
-0.139115 -0.018296
-0.139313 -0.018117
-0.139510 -0.017937
-0.139706 -0.017757
-0.139902 -0.017576
-0.140097 -0.017396
-0.140291 -0.017216
-0.140484 -0.017035
-0.140677 -0.016855
-0.140869 -0.016674
-0.141060 -0.016493
-0.141250 -0.016312
-0.141440 -0.016131
-0.141628 -0.015950
-0.141816 -0.015769
-0.142003 -0.015588
-0.142190 -0.015407
-0.142375 -0.015226
-0.142560 -0.015044
-0.142744 -0.014863
-0.142928 -0.014681
-0.143110 -0.014499
-0.143292 -0.014318
-0.143473 -0.014136
-0.143653 -0.013954
-0.143833 -0.013772
-0.144012 -0.013590
-0.144190 -0.013408
-0.144367 -0.013226
-0.144544 -0.013043
-0.144719 -0.012861
-0.144894 -0.012679
-0.145069 -0.012496
-0.145242 -0.012314
-0.145415 -0.012131
-0.145587 -0.011948
-0.145758 -0.011766
-0.145929 -0.011583
-0.146098 -0.011400
-0.146267 -0.011217
-0.146436 -0.011034
-0.146603 -0.010851
-0.146770 -0.010668
-0.146936 -0.010485
-0.147101 -0.010302
-0.147266 -0.010119
-0.147430 -0.009935
-0.147593 -0.009752
-0.147755 -0.009569
-0.147917 -0.009385
-0.148078 -0.009202
-0.148238 -0.009018
-0.148397 -0.008835
-0.148556 -0.008651
-0.148714 -0.008468
-0.148871 -0.008284
-0.149027 -0.008100
-0.149183 -0.007916
-0.149338 -0.007733
-0.149492 -0.007549
-0.149646 -0.007365
-0.149799 -0.007181
-0.149951 -0.006997
-0.150102 -0.006813
-0.150253 -0.006629
-0.150403 -0.006445
-0.150552 -0.006261
-0.150700 -0.006077
-0.150848 -0.005893
-0.150995 -0.005708
-0.151141 -0.005524
-0.151287 -0.005340
-0.151432 -0.005156
-0.151576 -0.004972
-0.151719 -0.004787
-0.151862 -0.004603
-0.152004 -0.004419
-0.152145 -0.004234
-0.152286 -0.004050
-0.152425 -0.003866
-0.152565 -0.003681
-0.152703 -0.003497
-0.152841 -0.003312
-0.152978 -0.003128
-0.153114 -0.002943
-0.153249 -0.002759
-0.153384 -0.002574
-0.153518 -0.002390
-0.153652 -0.002205
-0.153785 -0.002021
-0.153917 -0.001836
-0.154048 -0.001652
-0.154178 -0.001467
-0.154308 -0.001283
-0.154437 -0.001098
-0.154566 -0.000913
-0.154694 -0.000729
-0.154821 -0.000544
-0.154947 -0.000360
-0.155073 -0.000175
-0.155198 0.000010
-0.155322 0.000194
-0.155445 0.000379
-0.155568 0.000563
-0.155690 0.000748
-0.155812 0.000932
-0.155933 0.001117
-0.156053 0.001302
-0.156172 0.001486
-0.156291 0.001671
-0.156409 0.001855
-0.156526 0.002040
-0.156643 0.002224
-0.156758 0.002409
-0.156874 0.002593
-0.156988 0.002778
-0.157102 0.002962
-0.157215 0.003147
-0.157327 0.003331
-0.157439 0.003516
-0.157550 0.003700
-0.157660 0.003885
-0.157770 0.004069
-0.157879 0.004253
-0.157987 0.004438
-0.158095 0.004622
-0.158202 0.004806
-0.158308 0.004991
-0.158413 0.005175
-0.158518 0.005359
-0.158622 0.005544
-0.158726 0.005728
-0.158828 0.005912
-0.158930 0.006096
-0.159032 0.006280
-0.159132 0.006464
-0.159232 0.006648
-0.159332 0.006832
-0.159430 0.007017
-0.159528 0.007201
-0.159626 0.007384
-0.159722 0.007568
-0.159818 0.007752
-0.159913 0.007936
-0.160008 0.008120
-0.160102 0.008304
-0.160195 0.008488
-0.160287 0.008671
-0.160379 0.008855
-0.160470 0.009039
-0.160561 0.009222
-0.160651 0.009406
-0.160740 0.009589
-0.160828 0.009773
-0.160916 0.009956
-0.161003 0.010140
-0.161089 0.010323
-0.161175 0.010506
-0.161260 0.010690
-0.161345 0.010873
-0.161428 0.011056
-0.161511 0.011239
-0.161594 0.011422
-0.161675 0.011605
-0.161756 0.011788
-0.161837 0.011971
-0.161916 0.012154
-0.161995 0.012337
-0.162073 0.012520
-0.162151 0.012703
-0.162228 0.012885
-0.162304 0.013068
-0.162380 0.013251
-0.162455 0.013433
-0.162529 0.013616
-0.162603 0.013798
-0.162676 0.013980
-0.162748 0.014163
-0.162819 0.014345
-0.162890 0.014527
-0.162961 0.014709
-0.163030 0.014891
-0.163099 0.015073
-0.163167 0.015255
-0.163235 0.015437
-0.163302 0.015619
-0.163368 0.015801
-0.163434 0.015982
-0.163498 0.016164
-0.163563 0.016346
-0.163626 0.016527
-0.163689 0.016708
-0.163751 0.016890
-0.163813 0.017071
-0.163874 0.017252
-0.163934 0.017433
-0.163994 0.017615
-0.164053 0.017796
-0.164111 0.017977
-0.164168 0.018157
-0.164225 0.018338
-0.164281 0.018519
-0.164337 0.018700
-0.164392 0.018880
-0.164446 0.019061
-0.164500 0.019241
-0.164553 0.019421
-0.164605 0.019602
-0.164656 0.019782
-0.164707 0.019962
-0.164758 0.020142
-0.164807 0.020322
-0.164856 0.020502
-0.164904 0.020681
-0.164952 0.020861
-0.164999 0.021041
-0.165045 0.021220
-0.165091 0.021400
-0.165136 0.021579
-0.165180 0.021758
-0.165224 0.021937
-0.165267 0.022117
-0.165309 0.022296
-0.165351 0.022474
-0.165392 0.022653
-0.165432 0.022832
-0.165472 0.023011
-0.165511 0.023189
-0.165549 0.023368
-0.165587 0.023546
-0.165624 0.023724
-0.165660 0.023902
-0.165696 0.024080
-0.165731 0.024258
-0.165765 0.024436
-0.165799 0.024614
-0.165832 0.024792
-0.165864 0.024969
-0.165896 0.025147
-0.165927 0.025324
-0.165957 0.025502
-0.165987 0.025679
-0.166016 0.025856
-0.166045 0.026033
-0.166072 0.026210
-0.166100 0.026386
-0.166126 0.026563
-0.166152 0.026740
-0.166177 0.026916
-0.166201 0.027092
-0.166225 0.027269
-0.166248 0.027445
-0.166271 0.027621
-0.166293 0.027797
-0.166314 0.027973
-0.166334 0.028148
-0.166354 0.028324
-0.166373 0.028499
-0.166392 0.028675
-0.166410 0.028850
-0.166427 0.029025
-0.166444 0.029200
-0.166459 0.029375
-0.166475 0.029550
-0.166489 0.029724
-0.166503 0.029899
-0.166516 0.030073
-0.166529 0.030248
-0.166541 0.030422
-0.166552 0.030596
-0.166563 0.030770
-0.166573 0.030944
-0.166582 0.031117
-0.166591 0.031291
-0.166599 0.031465
-0.166606 0.031638
-0.166613 0.031811
-0.166619 0.031984
-0.166624 0.032157
-0.166629 0.032330
-0.166633 0.032503
-0.166636 0.032675
-0.166639 0.032848
-0.166641 0.033020
-0.166642 0.033192
-0.166643 0.033364
-0.166643 0.033536
-0.166642 0.033708
-0.166641 0.033880
-0.166639 0.034051
-0.166637 0.034222
-0.166633 0.034394
-0.166630 0.034565
-0.166625 0.034736
-0.166620 0.034907
-0.166614 0.035077
-0.166607 0.035248
-0.166600 0.035418
-0.166592 0.035589
-0.166584 0.035759
-0.166574 0.035929
-0.166565 0.036098
-0.166554 0.036268
-0.166543 0.036438
-0.166531 0.036607
-0.166519 0.036776
-0.166505 0.036946
-0.166492 0.037115
-0.166477 0.037283
-0.166462 0.037452
-0.166446 0.037621
-0.166430 0.037789
-0.166412 0.037957
-0.166395 0.038125
-0.166376 0.038293
-0.166357 0.038461
-0.166337 0.038629
-0.166317 0.038796
-0.166295 0.038963
-0.166274 0.039131
-0.166251 0.039297
-0.166228 0.039464
-0.166204 0.039631
-0.166180 0.039798
-0.166155 0.039964
-0.166129 0.040130
-0.166102 0.040296
-0.166075 0.040462
-0.166047 0.040628
-0.166019 0.040793
-0.165990 0.040959
-0.165960 0.041124
-0.165929 0.041289
-0.165898 0.041454
-0.165867 0.041619
-0.165834 0.041783
-0.165801 0.041948
-0.165767 0.042112
-0.165733 0.042276
-0.165697 0.042440
-0.165662 0.042603
-0.165625 0.042767
-0.165588 0.042930
-0.165550 0.043093
-0.165512 0.043257
-0.165472 0.043419
-0.165433 0.043582
-0.165392 0.043745
-0.165351 0.043907
-0.165309 0.044069
-0.165266 0.044231
-0.165223 0.044393
-0.165179 0.044554
-0.165135 0.044716
-0.165089 0.044877
-0.165044 0.045038
-0.164997 0.045199
-0.164950 0.045359
-0.164902 0.045520
-0.164853 0.045680
-0.164804 0.045840
-0.164754 0.046000
-0.164703 0.046160
-0.164652 0.046320
-0.164600 0.046479
-0.164547 0.046638
-0.164494 0.046797
-0.164440 0.046956
-0.164385 0.047114
-0.164330 0.047273
-0.164274 0.047431
-0.164217 0.047589
-0.164160 0.047747
-0.164101 0.047904
-0.164043 0.048062
-0.163983 0.048219
-0.163923 0.048376
-0.163862 0.048533
-0.163801 0.048689
-0.163739 0.048846
-0.163676 0.049002
-0.163612 0.049158
-0.163548 0.049314
-0.163483 0.049469
-0.163417 0.049625
-0.163351 0.049780
-0.163284 0.049935
-0.163216 0.050090
-0.163148 0.050244
-0.163079 0.050398
-0.163009 0.050553
-0.162939 0.050706
-0.162868 0.050860
-0.162796 0.051014
-0.162723 0.051167
-0.162650 0.051320
-0.162576 0.051473
-0.162502 0.051625
-0.162426 0.051778
-0.162351 0.051930
-0.162274 0.052082
-0.162197 0.052234
-0.162119 0.052385
-0.162040 0.052536
-0.161960 0.052687
-0.161880 0.052838
-0.161799 0.052989
-0.161718 0.053139
-0.161636 0.053289
-0.161553 0.053439
-0.161469 0.053589
-0.161385 0.053738
-0.161300 0.053887
-0.161214 0.054036
-0.161128 0.054185
-0.161041 0.054334
-0.160953 0.054482
-0.160865 0.054630
-0.160775 0.054778
-0.160686 0.054925
-0.160595 0.055073
-0.160504 0.055220
-0.160412 0.055367
-0.160319 0.055513
-0.160226 0.055659
-0.160131 0.055806
-0.160037 0.055951
-0.159941 0.056097
-0.159845 0.056242
-0.159748 0.056387
-0.159650 0.056532
-0.159552 0.056677
-0.159453 0.056821
-0.159353 0.056965
-0.159253 0.057109
-0.159151 0.057253
-0.159049 0.057396
-0.158947 0.057539
-0.158844 0.057682
-0.158739 0.057825
-0.158635 0.057967
-0.158529 0.058109
-0.158423 0.058251
-0.158316 0.058392
-0.158208 0.058533
-0.158100 0.058674
-0.157991 0.058815
-0.157881 0.058956
-0.157771 0.059096
-0.157659 0.059236
-0.157548 0.059375
-0.157435 0.059515
-0.157321 0.059654
-0.157207 0.059793
-0.157092 0.059931
-0.156977 0.060069
-0.156861 0.060207
-0.156744 0.060345
-0.156626 0.060482
-0.156507 0.060620
-0.156388 0.060756
-0.156268 0.060893
-0.156147 0.061029
-0.156026 0.061165
-0.155904 0.061301
-0.155781 0.061437
-0.155657 0.061572
-0.155533 0.061707
-0.155408 0.061841
-0.155282 0.061975
-0.155156 0.062109
-0.155028 0.062243
-0.154900 0.062376
-0.154772 0.062509
-0.154642 0.062642
-0.154512 0.062775
-0.154381 0.062907
-0.154249 0.063039
-0.154117 0.063170
-0.153983 0.063302
-0.153849 0.063433
-0.153715 0.063563
-0.153579 0.063694
-0.153443 0.063824
-0.153306 0.063953
-0.153168 0.064083
-0.153030 0.064212
-0.152891 0.064341
-0.152751 0.064469
-0.152610 0.064597
-0.152469 0.064725
-0.152326 0.064853
-0.152183 0.064980
-0.152040 0.065107
-0.151895 0.065233
-0.151750 0.065359
-0.151604 0.065485
-0.151457 0.065611
-0.151309 0.065736
-0.151161 0.065861
-0.151012 0.065986
-0.150862 0.066110
-0.150712 0.066234
-0.150560 0.066357
-0.150408 0.066480
-0.150255 0.066603
-0.150102 0.066726
-0.149947 0.066848
-0.149792 0.066970
-0.149636 0.067091
-0.149479 0.067213
-0.149322 0.067333
-0.149163 0.067454
-0.149004 0.067574
-0.148844 0.067694
-0.148684 0.067813
-0.148522 0.067932
-0.148360 0.068051
-0.148197 0.068169
-0.148033 0.068287
-0.147869 0.068405
-0.147703 0.068522
-0.147537 0.068639
-0.147370 0.068755
-0.147203 0.068871
-0.147034 0.068987
-0.146865 0.069103
-0.146695 0.069218
-0.146524 0.069332
-0.146352 0.069447
-0.146180 0.069560
-0.146006 0.069674
-0.145832 0.069787
-0.145658 0.069900
-0.145482 0.070012
-0.145305 0.070124
-0.145128 0.070236
-0.144950 0.070347
-0.144771 0.070458
-0.144591 0.070568
-0.144411 0.070678
-0.144230 0.070788
-0.144047 0.070897
-0.143865 0.071006
-0.143681 0.071114
-0.143496 0.071222
-0.143311 0.071330
-0.143125 0.071437
-0.142938 0.071544
-0.142750 0.071650
-0.142561 0.071756
-0.142372 0.071862
-0.142181 0.071967
-0.141990 0.072072
-0.141798 0.072176
-0.141605 0.072280
-0.141412 0.072384
-0.141217 0.072487
-0.141022 0.072589
-0.140826 0.072691
-0.140629 0.072793
-0.140431 0.072894
-0.140232 0.072995
-0.140033 0.073096
-0.139833 0.073196
-0.139632 0.073295
-0.139430 0.073394
-0.139227 0.073493
-0.139023 0.073591
-0.138818 0.073689
-0.138613 0.073786
-0.138407 0.073883
-0.138200 0.073980
-0.137992 0.074076
-0.137783 0.074171
-0.137573 0.074266
-0.137363 0.074361
-0.137151 0.074455
-0.136939 0.074549
-0.136726 0.074642
-0.136512 0.074734
-0.136297 0.074827
-0.136081 0.074918
-0.135865 0.075010
-0.135647 0.075100
-0.135429 0.075191
-0.135210 0.075281
-0.134989 0.075370
-0.134769 0.075459
-0.134547 0.075547
-0.134324 0.075635
-0.134100 0.075722
-0.133876 0.075809
-0.133650 0.075895
-0.133424 0.075981
-0.133197 0.076067
-0.132969 0.076151
-0.132740 0.076236
-0.132510 0.076319
-0.132279 0.076403
-0.132047 0.076485
-0.131815 0.076568
-0.131581 0.076649
-0.131347 0.076730
-0.131112 0.076811
-0.130875 0.076891
-0.130638 0.076971
-0.130400 0.077050
-0.130161 0.077128
-0.129921 0.077206
-0.129681 0.077284
-0.129439 0.077360
-0.129196 0.077437
-0.128953 0.077513
-0.128708 0.077588
-0.128463 0.077662
-0.128216 0.077736
-0.127969 0.077810
-0.127721 0.077883
-0.127472 0.077955
-0.127221 0.078027
-0.126970 0.078098
-0.126718 0.078169
-0.126465 0.078239
-0.126211 0.078308
-0.125957 0.078377
-0.125701 0.078445
-0.125444 0.078513
-0.125186 0.078580
-0.124928 0.078646
-0.124668 0.078712
-0.124407 0.078777
-0.124146 0.078842
-0.123883 0.078906
-0.123620 0.078970
-0.123355 0.079032
-0.123090 0.079094
-0.122823 0.079156
-0.122556 0.079217
-0.122287 0.079277
-0.122018 0.079337
-0.121748 0.079396
-0.121476 0.079454
-0.121204 0.079512
-0.120930 0.079569
-0.120656 0.079625
-0.120381 0.079681
-0.120104 0.079736
-0.119827 0.079790
-0.119549 0.079844
-0.119269 0.079897
-0.118989 0.079949
-0.118707 0.080001
-0.118425 0.080052
-0.118141 0.080102
-0.117857 0.080152
-0.117571 0.080200
-0.117285 0.080249
-0.116997 0.080296
-0.116709 0.080343
-0.116419 0.080389
-0.116128 0.080434
-0.115836 0.080479
-0.115544 0.080523
-0.115250 0.080566
-0.114955 0.080608
-0.114659 0.080650
-0.114362 0.080691
-0.114064 0.080731
-0.113765 0.080770
-0.113464 0.080809
-0.113163 0.080847
-0.112861 0.080884
-0.112557 0.080921
-0.112253 0.080956
-0.111947 0.080991
-0.111641 0.081025
-0.111333 0.081058
-0.111024 0.081091
-0.110714 0.081122
-0.110403 0.081153
-0.110091 0.081183
-0.109778 0.081212
-0.109463 0.081241
-0.109148 0.081268
-0.108831 0.081295
-0.108514 0.081321
-0.108195 0.081346
-0.107875 0.081370
-0.107554 0.081394
-0.107232 0.081416
-0.106908 0.081438
-0.106584 0.081459
-0.106258 0.081479
-0.105932 0.081498
-0.105604 0.081516
-0.105275 0.081533
-0.104944 0.081550
-0.104613 0.081565
-0.104281 0.081580
-0.103947 0.081593
-0.103612 0.081606
-0.103276 0.081618
-0.102939 0.081629
-0.102600 0.081639
-0.102261 0.081648
-0.101920 0.081656
-0.101578 0.081663
-0.101235 0.081669
-0.100891 0.081674
-0.100545 0.081678
-0.100198 0.081681
-0.099850 0.081684
-0.099501 0.081685
-0.099151 0.081685
-0.098799 0.081684
-0.098446 0.081683
-0.098092 0.081680
-0.097737 0.081676
-0.097380 0.081671
-0.097022 0.081665
-0.096663 0.081658
-0.096303 0.081650
-0.095941 0.081641
-0.095578 0.081631
-0.095214 0.081620
-0.094849 0.081607
-0.094482 0.081594
-0.094114 0.081579
-0.093745 0.081563
-0.093375 0.081547
-0.093003 0.081529
-0.092630 0.081510
-0.092255 0.081489
-0.091879 0.081468
-0.091502 0.081446
-0.091124 0.081422
-0.090744 0.081397
-0.090363 0.081371
-0.089981 0.081344
-0.089597 0.081315
-0.089212 0.081285
-0.088826 0.081254
-0.088438 0.081222
-0.088049 0.081189
-0.087659 0.081154
-0.087267 0.081118
-0.086874 0.081081
-0.086479 0.081042
-0.086083 0.081003
-0.085686 0.080962
-0.085287 0.080919
-0.084887 0.080875
-0.084485 0.080830
-0.084082 0.080784
-0.083678 0.080736
-0.083272 0.080687
-0.082865 0.080636
-0.082456 0.080584
-0.082046 0.080531
-0.081634 0.080476
-0.081221 0.080420
-0.080807 0.080362
-0.080391 0.080303
-0.079974 0.080242
-0.079555 0.080180
-0.079134 0.080117
-0.078713 0.080052
-0.078289 0.079985
-0.077864 0.079917
-0.077438 0.079847
-0.077010 0.079776
-0.076581 0.079703
-0.076150 0.079629
-0.075718 0.079553
-0.075284 0.079475
-0.074848 0.079396
-0.074411 0.079315
-0.073972 0.079232
-0.073532 0.079148
-0.073090 0.079062
-0.072647 0.078975
-0.072202 0.078885
-0.071756 0.078794
-0.071307 0.078701
-0.070858 0.078607
-0.070406 0.078510
-0.069953 0.078412
-0.069499 0.078312
-0.069043 0.078210
-0.068585 0.078106
-0.068125 0.078001
-0.067664 0.077893
-0.067201 0.077784
-0.066737 0.077672
-0.066271 0.077559
-0.065803 0.077444
-0.065333 0.077326
-0.064862 0.077207
-0.064389 0.077086
-0.063914 0.076962
-0.063438 0.076837
-0.062960 0.076709
-0.062480 0.076580
-0.061998 0.076448
-0.061515 0.076314
-0.061030 0.076178
-0.060543 0.076039
-0.060054 0.075899
-0.059563 0.075756
-0.059071 0.075611
-0.058577 0.075463
-0.058081 0.075313
-0.057583 0.075161
-0.057084 0.075006
-0.056582 0.074849
-0.056079 0.074690
-0.055574 0.074528
-0.055067 0.074364
-0.054558 0.074197
-0.054047 0.074027
-0.053535 0.073855
-0.053020 0.073680
-0.052504 0.073503
-0.051986 0.073323
-0.051465 0.073140
-0.050943 0.072955
-0.050419 0.072766
-0.049893 0.072575
-0.049365 0.072381
-0.048835 0.072185
-0.048303 0.071985
-0.047769 0.071782
-0.047233 0.071577
-0.046695 0.071368
-0.046155 0.071156
-0.045613 0.070941
-0.045069 0.070723
-0.044523 0.070502
-0.043975 0.070277
-0.043425 0.070050
-0.042873 0.069819
-0.042318 0.069584
-0.041762 0.069346
-0.041204 0.069105
-0.040643 0.068860
-0.040081 0.068612
-0.039516 0.068360
-0.038949 0.068104
-0.038380 0.067845
-0.037809 0.067582
-0.037236 0.067315
-0.036661 0.067044
-0.036083 0.066770
-0.035504 0.066491
-0.034922 0.066209
-0.034338 0.065922
-0.033752 0.065631
-0.033164 0.065336
-0.032573 0.065036
-0.031981 0.064733
-0.031386 0.064424
-0.030789 0.064112
-0.030190 0.063794
-0.029588 0.063473
-0.028985 0.063146
-0.028379 0.062815
-0.027771 0.062479
-0.027161 0.062137
-0.026549 0.061791
-0.025934 0.061440
-0.025317 0.061084
-0.024699 0.060722
-0.024078 0.060355
-0.023454 0.059983
-0.022829 0.059605
-0.022201 0.059221
-0.021572 0.058832
-0.020940 0.058436
-0.020306 0.058035
-0.019670 0.057628
-0.019032 0.057215
-0.018392 0.056795
-0.017749 0.056370
-0.017105 0.055937
-0.016459 0.055498
-0.015810 0.055053
-0.015160 0.054600
-0.014508 0.054141
-0.013854 0.053674
-0.013198 0.053200
-0.012540 0.052719
-0.011880 0.052230
-0.011219 0.051734
-0.010556 0.051230
-0.009891 0.050718
-0.009225 0.050197
-0.008557 0.049669
-0.007888 0.049132
-0.007217 0.048587
-0.006545 0.048032
-0.005872 0.047469
-0.005198 0.046897
-0.004523 0.046315
-0.003846 0.045724
-0.003169 0.045124
-0.002492 0.044513
-0.001813 0.043893
-0.001135 0.043262
-0.000456 0.042621
0.000223 0.041969
0.000902 0.041306
0.001581 0.040632
0.002259 0.039947
0.002937 0.039251
0.003614 0.038542
0.004290 0.037822
0.004964 0.037090
0.005637 0.036345
0.006307 0.035588
0.006976 0.034818
0.007642 0.034036
0.008304 0.033239
0.008964 0.032430
0.009620 0.031607
0.010271 0.030770
0.010918 0.029920
0.011560 0.029055
0.012196 0.028176
0.012826 0.027283
0.013449 0.026375
0.014065 0.025452
0.014673 0.024516
0.015272 0.023564
0.015861 0.022598
0.016440 0.021617
0.017008 0.020622
0.017565 0.019612
0.018108 0.018588
0.018638 0.017551
0.019153 0.016499
0.019653 0.015434
0.020137 0.014357
0.020603 0.013266
0.021050 0.012164
0.021478 0.011051
0.021886 0.009927
0.022272 0.008794
0.022636 0.007651
0.022976 0.006501
0.023292 0.005344
0.023583 0.004181
0.023848 0.003013
0.024085 0.001842
0.024296 0.000669
0.024478 -0.000504
0.024632 -0.001678
0.024757 -0.002849
0.024852 -0.004017
0.024918 -0.005180
0.024955 -0.006337
0.024961 -0.007486
0.024939 -0.008627
0.024887 -0.009758
0.024807 -0.010877
0.024698 -0.011984
0.024562 -0.013077
0.024398 -0.014156
0.024208 -0.015220
0.023992 -0.016267
0.023752 -0.017298
0.023487 -0.018311
0.023200 -0.019307
0.022890 -0.020284
0.022559 -0.021242
0.022208 -0.022181
0.021838 -0.023101
0.021449 -0.024001
0.021043 -0.024882
0.020620 -0.025744
0.020182 -0.026586
0.019730 -0.027409
0.019263 -0.028213
0.018784 -0.028998
0.018293 -0.029764
0.017790 -0.030512
0.017276 -0.031241
0.016753 -0.031952
0.016220 -0.032646
0.015679 -0.033323
0.015130 -0.033982
0.014573 -0.034625
0.014009 -0.035252
0.013439 -0.035862
0.012864 -0.036457
0.012283 -0.037037
0.011696 -0.037602
0.011106 -0.038152
0.010511 -0.038688
0.009912 -0.039210
0.009310 -0.039719
0.008705 -0.040214
0.008097 -0.040696
0.007487 -0.041166
0.006874 -0.041624
0.006260 -0.042069
0.005643 -0.042503
0.005026 -0.042926
0.004406 -0.043337
0.003786 -0.043738
0.003165 -0.044128
0.002543 -0.044507
0.001921 -0.044877
0.001298 -0.045237
0.000674 -0.045587
0.000051 -0.045928
-0.000572 -0.046260
-0.001195 -0.046583
-0.001818 -0.046897
-0.002441 -0.047203
-0.003063 -0.047500
-0.003685 -0.047790
-0.004306 -0.048071
-0.004927 -0.048345
-0.005546 -0.048612
-0.006165 -0.048871
-0.006783 -0.049123
-0.007400 -0.049368
-0.008016 -0.049606
-0.008631 -0.049837
-0.009245 -0.050062
-0.009857 -0.050280
-0.010469 -0.050493
-0.011079 -0.050699
-0.011687 -0.050899
-0.012295 -0.051093
-0.012901 -0.051281
-0.013505 -0.051464
-0.014109 -0.051642
-0.014710 -0.051814
-0.015311 -0.051981
-0.015909 -0.052142
-0.016506 -0.052299
-0.017102 -0.052450
-0.017696 -0.052597
-0.018288 -0.052739
-0.018879 -0.052877
-0.019468 -0.053010
-0.020056 -0.053138
-0.020642 -0.053262
-0.021226 -0.053382
-0.021809 -0.053497
-0.022390 -0.053608
-0.022969 -0.053716
-0.023546 -0.053819
-0.024122 -0.053918
-0.024696 -0.054014
-0.025268 -0.054106
-0.025839 -0.054194
-0.026408 -0.054278
-0.026975 -0.054359
-0.027540 -0.054437
-0.028104 -0.054511
-0.028666 -0.054581
-0.029226 -0.054648
-0.029784 -0.054712
-0.030341 -0.054773
-0.030896 -0.054831
-0.031449 -0.054886
-0.032001 -0.054937
-0.032551 -0.054986
-0.033098 -0.055031
-0.033645 -0.055074
-0.034189 -0.055114
-0.034732 -0.055151
-0.035273 -0.055185
-0.035812 -0.055217
-0.036350 -0.055246
-0.036886 -0.055272
-0.037420 -0.055296
-0.037952 -0.055317
-0.038483 -0.055336
-0.039012 -0.055352
-0.039539 -0.055366
-0.040065 -0.055378
-0.040589 -0.055387
-0.041111 -0.055394
-0.041632 -0.055398
-0.042151 -0.055401
-0.042668 -0.055401
-0.043183 -0.055399
-0.043697 -0.055394
-0.044209 -0.055388
-0.044720 -0.055380
-0.045229 -0.055369
-0.045736 -0.055357
-0.046241 -0.055342
-0.046745 -0.055326
-0.047247 -0.055308
-0.047748 -0.055287
-0.048247 -0.055265
-0.048744 -0.055241
-0.049240 -0.055215
-0.049734 -0.055188
-0.050227 -0.055158
-0.050718 -0.055127
-0.051207 -0.055094
-0.051695 -0.055060
-0.052181 -0.055023
-0.052666 -0.054985
-0.053149 -0.054946
-0.053631 -0.054905
-0.054111 -0.054862
-0.054589 -0.054818
-0.055066 -0.054772
-0.055541 -0.054724
-0.056015 -0.054675
-0.056487 -0.054625
-0.056958 -0.054573
-0.057427 -0.054519
-0.057895 -0.054465
-0.058361 -0.054408
-0.058826 -0.054351
-0.059289 -0.054292
-0.059750 -0.054231
-0.060211 -0.054170
-0.060669 -0.054106
-0.061127 -0.054042
-0.061582 -0.053976
-0.062037 -0.053909
-0.062490 -0.053841
-0.062941 -0.053772
-0.063391 -0.053701
-0.063839 -0.053629
-0.064286 -0.053556
-0.064732 -0.053481
-0.065176 -0.053406
-0.065619 -0.053329
-0.066060 -0.053251
-0.066500 -0.053172
-0.066939 -0.053092
-0.067376 -0.053011
-0.067812 -0.052929
-0.068246 -0.052845
-0.068679 -0.052761
-0.069111 -0.052675
-0.069541 -0.052588
-0.069970 -0.052501
-0.070397 -0.052412
-0.070823 -0.052322
-0.071248 -0.052232
-0.071671 -0.052140
-0.072093 -0.052047
-0.072514 -0.051954
-0.072933 -0.051859
-0.073351 -0.051764
-0.073768 -0.051667
-0.074183 -0.051570
-0.074598 -0.051471
-0.075010 -0.051372
-0.075422 -0.051272
-0.075832 -0.051171
-0.076241 -0.051069
-0.076648 -0.050966
-0.077054 -0.050863
-0.077459 -0.050758
-0.077863 -0.050653
-0.078265 -0.050547
-0.078666 -0.050440
-0.079066 -0.050332
-0.079465 -0.050223
-0.079862 -0.050114
-0.080258 -0.050004
-0.080653 -0.049893
-0.081047 -0.049781
-0.081439 -0.049669
-0.081830 -0.049555
-0.082220 -0.049441
-0.082608 -0.049327
-0.082996 -0.049211
-0.083382 -0.049095
-0.083767 -0.048978
-0.084150 -0.048860
-0.084533 -0.048742
-0.084914 -0.048623
-0.085294 -0.048503
-0.085673 -0.048383
-0.086051 -0.048262
-0.086427 -0.048140
-0.086803 -0.048018
-0.087177 -0.047895
-0.087550 -0.047771
-0.087921 -0.047646
-0.088292 -0.047521
-0.088661 -0.047396
-0.089029 -0.047270
-0.089397 -0.047143
-0.089762 -0.047015
-0.090127 -0.046887
-0.090491 -0.046758
-0.090853 -0.046629
-0.091215 -0.046499
-0.091575 -0.046369
-0.091934 -0.046238
-0.092292 -0.046106
-0.092648 -0.045974
-0.093004 -0.045841
-0.093358 -0.045708
-0.093712 -0.045574
-0.094064 -0.045440
-0.094415 -0.045305
-0.094765 -0.045169
-0.095114 -0.045033
-0.095462 -0.044897
-0.095809 -0.044760
-0.096154 -0.044622
-0.096499 -0.044484
-0.096842 -0.044346
-0.097185 -0.044207
-0.097526 -0.044067
-0.097866 -0.043927
-0.098205 -0.043787
-0.098543 -0.043646
-0.098880 -0.043504
-0.099216 -0.043362
-0.099551 -0.043220
-0.099884 -0.043077
-0.100217 -0.042934
-0.100549 -0.042790
-0.100879 -0.042646
-0.101209 -0.042501
-0.101537 -0.042356
-0.101864 -0.042210
-0.102191 -0.042064
-0.102516 -0.041918
-0.102840 -0.041771
-0.103163 -0.041624
-0.103486 -0.041476
-0.103807 -0.041328
-0.104127 -0.041179
-0.104446 -0.041030
-0.104764 -0.040881
-0.105081 -0.040731
-0.105397 -0.040581
-0.105712 -0.040431
-0.106026 -0.040280
-0.106339 -0.040129
-0.106651 -0.039977
-0.106962 -0.039825
-0.107272 -0.039672
-0.107581 -0.039520
-0.107889 -0.039366
-0.108196 -0.039213
-0.108502 -0.039059
-0.108807 -0.038905
-0.109111 -0.038750
-0.109414 -0.038595
-0.109716 -0.038440
-0.110017 -0.038284
-0.110317 -0.038129
-0.110616 -0.037972
-0.110914 -0.037816
-0.111212 -0.037659
-0.111508 -0.037501
-0.111803 -0.037344
-0.112097 -0.037186
-0.112391 -0.037028
-0.112683 -0.036869
-0.112974 -0.036710
-0.113265 -0.036551
-0.113554 -0.036391
-0.113843 -0.036232
-0.114130 -0.036071
-0.114417 -0.035911
-0.114702 -0.035750
-0.114987 -0.035589
-0.115271 -0.035428
-0.115554 -0.035266
-0.115836 -0.035105
-0.116117 -0.034942
-0.116397 -0.034780
-0.116676 -0.034617
-0.116954 -0.034454
-0.117231 -0.034291
-0.117508 -0.034127
-0.117783 -0.033964
-0.118058 -0.033800
-0.118331 -0.033635
-0.118604 -0.033471
-0.118876 -0.033306
-0.119146 -0.033141
-0.119416 -0.032975
-0.119685 -0.032810
-0.119953 -0.032644
-0.120221 -0.032478
-0.120487 -0.032312
-0.120752 -0.032145
-0.121017 -0.031978
-0.121280 -0.031811
-0.121543 -0.031644
-0.121805 -0.031476
-0.122066 -0.031308
-0.122326 -0.031140
-0.122585 -0.030972
-0.122843 -0.030804
-0.123101 -0.030635
-0.123357 -0.030466
-0.123613 -0.030297
-0.123868 -0.030128
-0.124121 -0.029958
-0.124374 -0.029789
-0.124626 -0.029619
-0.124878 -0.029449
-0.125128 -0.029278
-0.125378 -0.029108
-0.125626 -0.028937
-0.125874 -0.028766
-0.126121 -0.028595
-0.126367 -0.028423
-0.126612 -0.028252
-0.126856 -0.028080
-0.127100 -0.027908
-0.127342 -0.027736
-0.127584 -0.027564
-0.127825 -0.027391
-0.128065 -0.027219
-0.128304 -0.027046
-0.128542 -0.026873
-0.128780 -0.026699
-0.129017 -0.026526
-0.129252 -0.026353
-0.129487 -0.026179
-0.129721 -0.026005
-0.129955 -0.025831
-0.130187 -0.025657
-0.130419 -0.025482
-0.130650 -0.025308
-0.130879 -0.025133
-0.131109 -0.024958
-0.131337 -0.024783
-0.131564 -0.024608
-0.131791 -0.024432
-0.132017 -0.024257
-0.132242 -0.024081
-0.132466 -0.023905
-0.132689 -0.023729
-0.132912 -0.023553
-0.133133 -0.023377
-0.133354 -0.023201
-0.133574 -0.023024
-0.133793 -0.022848
-0.134012 -0.022671
-0.134229 -0.022494
-0.134446 -0.022317
-0.134662 -0.022139
-0.134877 -0.021962
-0.135091 -0.021785
-0.135305 -0.021607
-0.135518 -0.021429
-0.135730 -0.021251
-0.135941 -0.021073
-0.136151 -0.020895
-0.136361 -0.020717
-0.136569 -0.020539
-0.136777 -0.020360
-0.136984 -0.020181
-0.137191 -0.020003
-0.137396 -0.019824
-0.137601 -0.019645
-0.137805 -0.019466
-0.138008 -0.019287
-0.138210 -0.019107
-0.138412 -0.018928
-0.138613 -0.018749
-0.138813 -0.018569
-0.139012 -0.018389
-0.139211 -0.018209
-0.139408 -0.018029
-0.139605 -0.017849
-0.139801 -0.017669
-0.139996 -0.017489
-0.140191 -0.017309
-0.140385 -0.017128
-0.140578 -0.016948
-0.140770 -0.016767
-0.140961 -0.016586
-0.141152 -0.016406
-0.141342 -0.016225
-0.141531 -0.016044
-0.141719 -0.015863
-0.141907 -0.015682
-0.142094 -0.015500
-0.142280 -0.015319
-0.142465 -0.015138
-0.142649 -0.014956
-0.142833 -0.014775
-0.143016 -0.014593
-0.143198 -0.014411
-0.143380 -0.014230
-0.143561 -0.014048
-0.143740 -0.013866
-0.143920 -0.013684
-0.144098 -0.013502
-0.144276 -0.013320
-0.144453 -0.013137
-0.144629 -0.012955
-0.144804 -0.012773
-0.144979 -0.012590
-0.145153 -0.012408
-0.145326 -0.012225
-0.145498 -0.012043
-0.145670 -0.011860
-0.145841 -0.011677
-0.146011 -0.011494
-0.146180 -0.011311
-0.146349 -0.011129
-0.146517 -0.010946
-0.146684 -0.010763
-0.146850 -0.010579
-0.147016 -0.010396
-0.147181 -0.010213
-0.147345 -0.010030
-0.147509 -0.009847
-0.147671 -0.009663
-0.147833 -0.009480
-0.147995 -0.009296
-0.148155 -0.009113
-0.148315 -0.008929
-0.148474 -0.008746
-0.148632 -0.008562
-0.148790 -0.008379
-0.148947 -0.008195
-0.149103 -0.008011
-0.149258 -0.007827
-0.149413 -0.007644
-0.149567 -0.007460
-0.149720 -0.007276
-0.149872 -0.007092
-0.150024 -0.006908
-0.150175 -0.006724
-0.150325 -0.006540
-0.150475 -0.006356
-0.150624 -0.006172
-0.150772 -0.005988
-0.150919 -0.005803
-0.151066 -0.005619
-0.151212 -0.005435
-0.151357 -0.005251
-0.151502 -0.005067
-0.151645 -0.004882
-0.151788 -0.004698
-0.151931 -0.004514
-0.152072 -0.004329
-0.152213 -0.004145
-0.152353 -0.003961
-0.152493 -0.003776
-0.152632 -0.003592
-0.152770 -0.003407
-0.152907 -0.003223
-0.153044 -0.003038
-0.153180 -0.002854
-0.153315 -0.002669
-0.153449 -0.002485
-0.153583 -0.002300
-0.153716 -0.002116
-0.153849 -0.001931
-0.153980 -0.001747
-0.154111 -0.001562
-0.154241 -0.001378
-0.154371 -0.001193
-0.154500 -0.001009
-0.154628 -0.000824
-0.154755 -0.000639
-0.154882 -0.000455
-0.155008 -0.000270
-0.155133 -0.000086
-0.155258 0.000099
-0.155382 0.000284
-0.155505 0.000468
-0.155628 0.000653
-0.155749 0.000837
-0.155870 0.001022
-0.155991 0.001206
-0.156111 0.001391
-0.156230 0.001576
-0.156348 0.001760
-0.156466 0.001945
-0.156582 0.002129
-0.156699 0.002314
-0.156814 0.002498
-0.156929 0.002683
-0.157043 0.002867
-0.157157 0.003052
-0.157269 0.003236
-0.157381 0.003421
-0.157493 0.003605
-0.157604 0.003790
-0.157713 0.003974
-0.157823 0.004158
-0.157931 0.004343
-0.158039 0.004527
-0.158147 0.004711
-0.158253 0.004896
-0.158359 0.005080
-0.158464 0.005264
-0.158569 0.005449
-0.158672 0.005633
-0.158775 0.005817
-0.158878 0.006001
-0.158980 0.006185
-0.159081 0.006369
-0.159181 0.006554
-0.159281 0.006738
-0.159380 0.006922
-0.159478 0.007106
-0.159576 0.007290
-0.159673 0.007474
-0.159769 0.007657
-0.159864 0.007841
-0.159959 0.008025
-0.160053 0.008209
-0.160147 0.008393
-0.160240 0.008577
-0.160332 0.008760
-0.160424 0.008944
-0.160514 0.009128
-0.160604 0.009311
-0.160694 0.009495
-0.160783 0.009678
-0.160871 0.009862
-0.160958 0.010045
-0.161045 0.010228
-0.161131 0.010412
-0.161216 0.010595
-0.161301 0.010778
-0.161385 0.010962
-0.161469 0.011145
-0.161551 0.011328
-0.161633 0.011511
-0.161715 0.011694
-0.161795 0.011877
-0.161875 0.012060
-0.161955 0.012243
-0.162033 0.012426
-0.162111 0.012608
-0.162188 0.012791
-0.162265 0.012974
-0.162341 0.013156
-0.162416 0.013339
-0.162491 0.013521
-0.162565 0.013704
-0.162638 0.013886
-0.162711 0.014069
-0.162783 0.014251
-0.162854 0.014433
-0.162924 0.014615
-0.162994 0.014797
-0.163064 0.014979
-0.163132 0.015161
-0.163200 0.015343
-0.163267 0.015525
-0.163334 0.015707
-0.163400 0.015889
-0.163465 0.016070
-0.163530 0.016252
-0.163594 0.016433
-0.163657 0.016615
-0.163719 0.016796
-0.163781 0.016978
-0.163843 0.017159
-0.163903 0.017340
-0.163963 0.017521
-0.164022 0.017702
-0.164081 0.017883
-0.164139 0.018064
-0.164196 0.018245
-0.164253 0.018426
-0.164308 0.018606
-0.164364 0.018787
-0.164418 0.018967
-0.164472 0.019148
-0.164525 0.019328
-0.164578 0.019509
-0.164630 0.019689
-0.164681 0.019869
-0.164732 0.020049
-0.164782 0.020229
-0.164831 0.020409
-0.164880 0.020589
-0.164928 0.020768
-0.164975 0.020948
-0.165021 0.021128
-0.165067 0.021307
-0.165113 0.021487
-0.165157 0.021666
-0.165201 0.021845
-0.165245 0.022024
-0.165287 0.022203
-0.165329 0.022382
-0.165371 0.022561
-0.165411 0.022740
-0.165451 0.022918
-0.165491 0.023097
-0.165529 0.023276
-0.165567 0.023454
-0.165605 0.023632
-0.165641 0.023811
-0.165677 0.023989
-0.165713 0.024167
-0.165747 0.024345
-0.165781 0.024522
-0.165815 0.024700
-0.165848 0.024878
-0.165880 0.025055
-0.165911 0.025233
-0.165942 0.025410
-0.165972 0.025587
-0.166001 0.025765
-0.166030 0.025942
-0.166058 0.026118
-0.166086 0.026295
-0.166112 0.026472
-0.166139 0.026649
-0.166164 0.026825
-0.166189 0.027002
-0.166213 0.027178
-0.166236 0.027354
-0.166259 0.027530
-0.166281 0.027706
-0.166303 0.027882
-0.166324 0.028058
-0.166344 0.028233
-0.166364 0.028409
-0.166382 0.028584
-0.166401 0.028760
-0.166418 0.028935
-0.166435 0.029110
-0.166451 0.029285
-0.166467 0.029460
-0.166482 0.029634
-0.166496 0.029809
-0.166510 0.029983
-0.166523 0.030158
-0.166535 0.030332
-0.166547 0.030506
-0.166558 0.030680
-0.166568 0.030854
-0.166577 0.031028
-0.166586 0.031202
-0.166595 0.031375
-0.166602 0.031548
-0.166609 0.031722
-0.166616 0.031895
-0.166621 0.032068
-0.166626 0.032241
-0.166631 0.032414
-0.166635 0.032586
-0.166638 0.032759
-0.166640 0.032931
-0.166642 0.033103
-0.166643 0.033275
-0.166643 0.033447
-0.166643 0.033619
-0.166642 0.033791
-0.166640 0.033963
-0.166638 0.034134
-0.166635 0.034305
-0.166632 0.034477
-0.166627 0.034648
-0.166623 0.034818
-0.166617 0.034989
-0.166611 0.035160
-0.166604 0.035330
-0.166596 0.035501
-0.166588 0.035671
-0.166579 0.035841
-0.166570 0.036011
-0.166560 0.036181
-0.166549 0.036350
-0.166537 0.036520
-0.166525 0.036689
-0.166512 0.036858
-0.166499 0.037027
-0.166485 0.037196
-0.166470 0.037365
-0.166454 0.037534
-0.166438 0.037702
-0.166421 0.037870
-0.166404 0.038039
-0.166386 0.038207
-0.166367 0.038374
-0.166347 0.038542
-0.166327 0.038710
-0.166306 0.038877
-0.166285 0.039044
-0.166263 0.039211
-0.166240 0.039378
-0.166217 0.039545
-0.166192 0.039712
-0.166168 0.039878
-0.166142 0.040044
-0.166116 0.040211
-0.166089 0.040377
-0.166062 0.040542
-0.166034 0.040708
-0.166005 0.040873
-0.165975 0.041039
-0.165945 0.041204
-0.165914 0.041369
-0.165883 0.041534
-0.165851 0.041698
-0.165818 0.041863
-0.165785 0.042027
-0.165750 0.042191
-0.165716 0.042355
-0.165680 0.042519
-0.165644 0.042683
-0.165607 0.042846
-0.165570 0.043009
-0.165532 0.043172
-0.165493 0.043335
-0.165453 0.043498
-0.165413 0.043661
-0.165372 0.043823
-0.165331 0.043985
-0.165288 0.044147
-0.165246 0.044309
-0.165202 0.044471
-0.165158 0.044632
-0.165113 0.044794
-0.165067 0.044955
-0.165021 0.045116
-0.164974 0.045277
-0.164927 0.045437
-0.164878 0.045598
-0.164829 0.045758
-0.164780 0.045918
-0.164729 0.046078
-0.164679 0.046237
-0.164627 0.046397
-0.164575 0.046556
-0.164522 0.046715
-0.164468 0.046874
-0.164414 0.047033
-0.164358 0.047191
-0.164303 0.047349
-0.164246 0.047508
-0.164189 0.047665
-0.164132 0.047823
-0.164073 0.047981
-0.164014 0.048138
-0.163954 0.048295
-0.163894 0.048452
-0.163833 0.048609
-0.163771 0.048765
-0.163708 0.048922
-0.163645 0.049078
-0.163581 0.049233
-0.163516 0.049389
-0.163451 0.049545
-0.163385 0.049700
-0.163319 0.049855
-0.163251 0.050010
-0.163183 0.050164
-0.163115 0.050319
-0.163045 0.050473
-0.162975 0.050627
-0.162904 0.050781
-0.162833 0.050935
-0.162761 0.051088
-0.162688 0.051241
-0.162614 0.051394
-0.162540 0.051547
-0.162465 0.051699
-0.162390 0.051851
-0.162314 0.052003
-0.162237 0.052155
-0.162159 0.052307
-0.162081 0.052458
-0.162001 0.052609
-0.161922 0.052760
-0.161841 0.052911
-0.161760 0.053062
-0.161678 0.053212
-0.161596 0.053362
-0.161513 0.053512
-0.161429 0.053661
-0.161344 0.053811
-0.161259 0.053960
-0.161173 0.054108
-0.161086 0.054257
-0.160998 0.054405
-0.160910 0.054554
-0.160822 0.054702
-0.160732 0.054849
-0.160642 0.054997
-0.160551 0.055144
-0.160459 0.055291
-0.160367 0.055438
-0.160274 0.055584
-0.160180 0.055730
-0.160086 0.055876
-0.159990 0.056022
-0.159895 0.056167
-0.159798 0.056313
-0.159701 0.056458
-0.159603 0.056602
-0.159504 0.056747
-0.159405 0.056891
-0.159305 0.057035
-0.159204 0.057179
-0.159102 0.057322
-0.159000 0.057465
-0.158897 0.057608
-0.158793 0.057751
-0.158689 0.057894
-0.158584 0.058036
-0.158478 0.058178
-0.158371 0.058319
-0.158264 0.058461
-0.158156 0.058602
-0.158047 0.058743
-0.157938 0.058883
-0.157828 0.059023
-0.157717 0.059164
-0.157605 0.059303
-0.157493 0.059443
-0.157380 0.059582
-0.157266 0.059721
-0.157152 0.059860
-0.157037 0.059998
-0.156921 0.060136
-0.156804 0.060274
-0.156687 0.060412
-0.156568 0.060549
-0.156450 0.060686
-0.156330 0.060823
-0.156210 0.060959
-0.156089 0.061095
-0.155967 0.061231
-0.155844 0.061367
-0.155721 0.061502
-0.155597 0.061637
-0.155473 0.061772
-0.155347 0.061906
-0.155221 0.062040
-0.155094 0.062174
-0.154966 0.062308
-0.154838 0.062441
-0.154709 0.062574
-0.154579 0.062706
-0.154448 0.062839
-0.154317 0.062971
-0.154185 0.063103
-0.154052 0.063234
-0.153919 0.063365
-0.153784 0.063496
-0.153649 0.063626
-0.153513 0.063757
-0.153377 0.063886
-0.153239 0.064016
-0.153101 0.064145
-0.152963 0.064274
-0.152823 0.064403
-0.152683 0.064531
-0.152542 0.064659
-0.152400 0.064787
-0.152257 0.064914
-0.152114 0.065041
-0.151970 0.065168
-0.151825 0.065294
-0.151679 0.065420
-0.151533 0.065546
-0.151386 0.065672
-0.151238 0.065797
-0.151089 0.065921
-0.150940 0.066046
-0.150789 0.066170
-0.150639 0.066294
-0.150487 0.066417
-0.150334 0.066540
-0.150181 0.066663
-0.150027 0.066785
-0.149872 0.066907
-0.149717 0.067029
-0.149560 0.067150
-0.149403 0.067271
-0.149245 0.067392
-0.149086 0.067512
-0.148927 0.067632
-0.148767 0.067752
-0.148606 0.067871
-0.148444 0.067990
-0.148281 0.068108
-0.148118 0.068226
-0.147954 0.068344
-0.147789 0.068462
-0.147623 0.068579
-0.147457 0.068695
-0.147289 0.068812
-0.147121 0.068928
-0.146952 0.069043
-0.146783 0.069158
-0.146612 0.069273
-0.146441 0.069388
-0.146269 0.069502
-0.146096 0.069615
-0.145922 0.069729
-0.145748 0.069842
-0.145573 0.069954
-0.145397 0.070067
-0.145220 0.070178
-0.145042 0.070290
-0.144864 0.070401
-0.144684 0.070511
-0.144504 0.070622
-0.144323 0.070731
-0.144142 0.070841
-0.143959 0.070950
-0.143776 0.071059
-0.143592 0.071167
-0.143407 0.071275
-0.143221 0.071382
-0.143034 0.071489
-0.142847 0.071596
-0.142659 0.071702
-0.142469 0.071808
-0.142280 0.071913
-0.142089 0.072018
-0.141897 0.072122
-0.141705 0.072227
-0.141512 0.072330
-0.141318 0.072433
-0.141123 0.072536
-0.140927 0.072639
-0.140731 0.072741
-0.140533 0.072842
-0.140335 0.072943
-0.140136 0.073044
-0.139936 0.073144
-0.139735 0.073244
-0.139534 0.073343
-0.139331 0.073442
-0.139128 0.073541
-0.138924 0.073639
-0.138719 0.073736
-0.138513 0.073833
-0.138307 0.073930
-0.138099 0.074026
-0.137891 0.074122
-0.137681 0.074217
-0.137471 0.074312
-0.137260 0.074406
-0.137049 0.074500
-0.136836 0.074594
-0.136622 0.074687
-0.136408 0.074779
-0.136193 0.074871
-0.135976 0.074963
-0.135759 0.075054
-0.135542 0.075144
-0.135323 0.075234
-0.135103 0.075324
-0.134883 0.075413
-0.134661 0.075502
-0.134439 0.075590
-0.134216 0.075677
-0.133992 0.075764
-0.133767 0.075851
-0.133541 0.075937
-0.133314 0.076023
-0.133086 0.076108
-0.132858 0.076192
-0.132629 0.076276
-0.132398 0.076360
-0.132167 0.076443
-0.131935 0.076525
-0.131702 0.076607
-0.131468 0.076689
-0.131233 0.076770
-0.130997 0.076850
-0.130761 0.076930
-0.130523 0.077009
-0.130285 0.077088
-0.130045 0.077166
-0.129805 0.077244
-0.129564 0.077321
-0.129321 0.077398
-0.129078 0.077474
-0.128834 0.077549
-0.128589 0.077624
-0.128343 0.077698
-0.128097 0.077772
-0.127849 0.077845
-0.127600 0.077918
-0.127351 0.077990
-0.127100 0.078061
-0.126848 0.078132
-0.126596 0.078203
-0.126343 0.078272
-0.126088 0.078342
-0.125833 0.078410
-0.125577 0.078478
-0.125319 0.078545
-0.125061 0.078612
-0.124802 0.078678
-0.124542 0.078744
-0.124281 0.078809
-0.124019 0.078873
-0.123756 0.078937
-0.123492 0.079000
-0.123227 0.079062
-0.122961 0.079124
-0.122694 0.079185
-0.122426 0.079246
-0.122157 0.079306
-0.121887 0.079365
-0.121616 0.079424
-0.121344 0.079482
-0.121072 0.079539
-0.120798 0.079596
-0.120523 0.079652
-0.120247 0.079707
-0.119970 0.079762
-0.119692 0.079816
-0.119413 0.079869
-0.119133 0.079922
-0.118853 0.079974
-0.118571 0.080026
-0.118288 0.080076
-0.118004 0.080126
-0.117719 0.080175
-0.117433 0.080224
-0.117146 0.080272
-0.116858 0.080319
-0.116568 0.080365
-0.116278 0.080411
-0.115987 0.080456
-0.115695 0.080500
-0.115401 0.080544
-0.115107 0.080586
-0.114812 0.080629
-0.114515 0.080670
-0.114218 0.080710
-0.113919 0.080750
-0.113619 0.080789
-0.113319 0.080828
-0.113017 0.080865
-0.112714 0.080902
-0.112410 0.080938
-0.112105 0.080973
-0.111799 0.081008
-0.111492 0.081041
-0.111184 0.081074
-0.110874 0.081106
-0.110564 0.081137
-0.110252 0.081168
-0.109939 0.081197
-0.109626 0.081226
-0.109311 0.081254
-0.108995 0.081281
-0.108678 0.081308
-0.108359 0.081333
-0.108040 0.081358
-0.107720 0.081382
-0.107398 0.081405
-0.107075 0.081427
-0.106751 0.081448
-0.106426 0.081468
-0.106100 0.081488
-0.105773 0.081507
-0.105444 0.081524
-0.105115 0.081541
-0.104784 0.081557
-0.104452 0.081572
-0.104119 0.081586
-0.103785 0.081600
-0.103449 0.081612
-0.103113 0.081623
-0.102775 0.081634
-0.102436 0.081643
-0.102096 0.081652
-0.101755 0.081659
-0.101412 0.081666
-0.101068 0.081672
-0.100723 0.081676
-0.100377 0.081680
-0.100030 0.081683
-0.099681 0.081684
-0.099332 0.081685
-0.098981 0.081685
-0.098628 0.081684
-0.098275 0.081681
-0.097920 0.081678
-0.097564 0.081674
-0.097207 0.081668
-0.096849 0.081662
-0.096489 0.081654
-0.096128 0.081646
-0.095766 0.081636
-0.095402 0.081625
-0.095038 0.081614
-0.094672 0.081601
-0.094304 0.081587
-0.093936 0.081572
-0.093566 0.081556
-0.093195 0.081538
-0.092822 0.081520
-0.092448 0.081500
-0.092073 0.081479
-0.091697 0.081457
-0.091319 0.081434
-0.090940 0.081410
-0.090560 0.081384
-0.090178 0.081358
-0.089795 0.081330
-0.089411 0.081301
-0.089025 0.081271
-0.088638 0.081239
-0.088250 0.081206
-0.087860 0.081172
-0.087469 0.081137
-0.087077 0.081100
-0.086683 0.081062
-0.086287 0.081023
-0.085891 0.080983
-0.085493 0.080941
-0.085093 0.080898
-0.084693 0.080854
-0.084290 0.080808
-0.083887 0.080761
-0.083482 0.080712
-0.083075 0.080662
-0.082667 0.080611
-0.082258 0.080559
-0.081847 0.080504
-0.081435 0.080449
-0.081021 0.080392
-0.080606 0.080334
-0.080189 0.080274
-0.079771 0.080212
-0.079351 0.080150
-0.078930 0.080085
-0.078508 0.080020
-0.078084 0.079952
-0.077658 0.079883
-0.077231 0.079813
-0.076803 0.079741
-0.076372 0.079667
-0.075941 0.079592
-0.075508 0.079515
-0.075073 0.079437
-0.074637 0.079357
-0.074199 0.079275
-0.073759 0.079192
-0.073318 0.079107
-0.072876 0.079020
-0.072432 0.078932
-0.071986 0.078841
-0.071539 0.078749
-0.071090 0.078656
-0.070639 0.078560
-0.070187 0.078463
-0.069734 0.078364
-0.069278 0.078263
-0.068821 0.078160
-0.068362 0.078055
-0.067902 0.077949
-0.067440 0.077840
-0.066977 0.077730
-0.066511 0.077618
-0.066044 0.077504
-0.065576 0.077387
-0.065105 0.077269
-0.064633 0.077149
-0.064159 0.077026
-0.063684 0.076902
-0.063206 0.076775
-0.062727 0.076647
-0.062247 0.076516
-0.061764 0.076383
-0.061280 0.076248
-0.060794 0.076111
-0.060306 0.075971
-0.059817 0.075830
-0.059325 0.075686
-0.058832 0.075539
-0.058337 0.075391
-0.057840 0.075240
-0.057342 0.075086
-0.056841 0.074931
-0.056339 0.074772
-0.055835 0.074612
-0.055329 0.074449
-0.054821 0.074283
-0.054311 0.074115
-0.053799 0.073944
-0.053286 0.073771
-0.052770 0.073595
-0.052253 0.073416
-0.051734 0.073235
-0.051213 0.073051
-0.050690 0.072864
-0.050164 0.072674
-0.049637 0.072482
-0.049108 0.072287
-0.048578 0.072088
-0.048045 0.071887
-0.047510 0.071683
-0.046973 0.071476
-0.046434 0.071266
-0.045893 0.071052
-0.045350 0.070836
-0.044805 0.070616
-0.044258 0.070394
-0.043709 0.070168
-0.043158 0.069938
-0.042605 0.069706
-0.042049 0.069469
-0.041492 0.069230
-0.040933 0.068987
-0.040371 0.068741
-0.039807 0.068490
-0.039242 0.068237
-0.038674 0.067979
-0.038104 0.067718
-0.037532 0.067453
-0.036958 0.067185
-0.036381 0.066912
-0.035803 0.066635
-0.035222 0.066355
-0.034639 0.066070
-0.034054 0.065781
-0.033467 0.065489
-0.032878 0.065191
-0.032287 0.064890
-0.031693 0.064584
-0.031097 0.064274
-0.030499 0.063959
-0.029899 0.063639
-0.029296 0.063315
-0.028692 0.062986
-0.028085 0.062653
-0.027476 0.062314
-0.026865 0.061970
-0.026251 0.061622
-0.025636 0.061268
-0.025018 0.060909
-0.024398 0.060545
-0.023776 0.060175
-0.023152 0.059800
-0.022525 0.059420
-0.021897 0.059033
-0.021266 0.058641
-0.020633 0.058243
-0.019998 0.057839
-0.019361 0.057429
-0.018722 0.057013
-0.018081 0.056590
-0.017438 0.056161
-0.016792 0.055725
-0.016145 0.055283
-0.015496 0.054834
-0.014844 0.054378
-0.014191 0.053916
-0.013536 0.053445
-0.012879 0.052968
-0.012221 0.052483
-0.011560 0.051991
-0.010898 0.051491
-0.010234 0.050983
-0.009569 0.050467
-0.008902 0.049943
-0.008233 0.049410
-0.007563 0.048869
-0.006892 0.048319
-0.006220 0.047761
-0.005546 0.047193
-0.004871 0.046617
-0.004195 0.046030
-0.003519 0.045435
-0.002841 0.044829
-0.002163 0.044214
-0.001485 0.043589
-0.000806 0.042953
-0.000127 0.042306
0.000552 0.041649
0.001231 0.040981
0.001910 0.040302
0.002588 0.039611
0.003265 0.038909
0.003941 0.038195
0.004616 0.037469
0.005290 0.036731
0.005962 0.035980
0.006631 0.035217
0.007298 0.034441
0.007963 0.033652
0.008624 0.032849
0.009282 0.032033
0.009936 0.031204
0.010585 0.030360
0.011230 0.029503
0.011869 0.028631
0.012502 0.027745
0.013129 0.026845
0.013748 0.025930
0.014360 0.025001
0.014964 0.024057
0.015558 0.023098
0.016143 0.022125
0.016717 0.021137
0.017279 0.020135
0.017829 0.019118
0.018366 0.018088
0.018889 0.017043
0.019397 0.015985
0.019890 0.014914
0.020365 0.013830
0.020822 0.012734
0.021260 0.011627
0.021678 0.010508
0.022076 0.009380
0.022451 0.008242
0.022804 0.007095
0.023132 0.005942
0.023436 0.004781
0.023714 0.003616
0.023966 0.002447
0.024191 0.001275
0.024388 0.000101
0.024556 -0.001073
0.024696 -0.002245
0.024807 -0.003415
0.024888 -0.004581
0.024939 -0.005741
0.024962 -0.006895
0.024954 -0.008040
0.024918 -0.009176
0.024852 -0.010301
0.024758 -0.011415
0.024636 -0.012515
0.024486 -0.013602
0.024309 -0.014673
0.024107 -0.015729
0.023879 -0.016769
0.023627 -0.017791
0.023351 -0.018796
0.023052 -0.019782
0.022732 -0.020750
0.022392 -0.021699
0.022031 -0.022629
0.021652 -0.023539
0.021254 -0.024430
0.020840 -0.025302
0.020410 -0.026154
0.019965 -0.026987
0.019506 -0.027801
0.019033 -0.028595
0.018548 -0.029371
0.018051 -0.030128
0.017542 -0.030867
0.017024 -0.031588
0.016496 -0.032291
0.015959 -0.032976
0.015414 -0.033644
0.014861 -0.034296
0.014301 -0.034931
0.013734 -0.035549
0.013161 -0.036152
0.012583 -0.036740
0.011999 -0.037312
0.011411 -0.037870
0.010818 -0.038413
0.010222 -0.038943
0.009621 -0.039458
0.009018 -0.039960
0.008411 -0.040449
0.007802 -0.040925
0.007191 -0.041389
0.006577 -0.041841
0.005962 -0.042281
0.005344 -0.042709
0.004726 -0.043126
0.004106 -0.043532
0.003486 -0.043928
0.002864 -0.044313
0.002242 -0.044687
0.001619 -0.045052
0.000996 -0.045407
0.000373 -0.045753
-0.000251 -0.046090
-0.000874 -0.046417
-0.001497 -0.046736
-0.002120 -0.047046
-0.002742 -0.047348
-0.003365 -0.047641
-0.003986 -0.047927
-0.004607 -0.048205
-0.005227 -0.048475
-0.005846 -0.048738
-0.006465 -0.048994
-0.007082 -0.049242
-0.007699 -0.049484
-0.008314 -0.049719
-0.008928 -0.049947
-0.009541 -0.050168
-0.010153 -0.050384
-0.010764 -0.050593
-0.011374 -0.050796
-0.011982 -0.050994
-0.012588 -0.051185
-0.013194 -0.051371
-0.013798 -0.051551
-0.014400 -0.051726
-0.015001 -0.051895
-0.015601 -0.052060
-0.016199 -0.052219
-0.016795 -0.052373
-0.017390 -0.052522
-0.017983 -0.052667
-0.018575 -0.052806
-0.019165 -0.052942
-0.019753 -0.053072
-0.020340 -0.053198
-0.020925 -0.053320
-0.021508 -0.053438
-0.022090 -0.053551
-0.022670 -0.053661
-0.023248 -0.053766
-0.023825 -0.053868
-0.024400 -0.053965
-0.024973 -0.054059
-0.025545 -0.054149
-0.026115 -0.054235
-0.026683 -0.054318
-0.027249 -0.054397
-0.027813 -0.054473
-0.028376 -0.054545
-0.028937 -0.054614
-0.029497 -0.054680
-0.030054 -0.054742
-0.030610 -0.054802
-0.031164 -0.054858
-0.031717 -0.054911
-0.032267 -0.054961
-0.032816 -0.055008
-0.033363 -0.055052
-0.033909 -0.055094
-0.034452 -0.055132
-0.034994 -0.055168
-0.035534 -0.055201
-0.036073 -0.055231
-0.036610 -0.055259
-0.037145 -0.055284
-0.037678 -0.055307
-0.038210 -0.055327
-0.038740 -0.055344
-0.039268 -0.055359
-0.039794 -0.055372
-0.040319 -0.055383
-0.040842 -0.055391
-0.041363 -0.055396
-0.041883 -0.055400
-0.042401 -0.055401
-0.042918 -0.055400
-0.043432 -0.055397
-0.043945 -0.055392
-0.044457 -0.055384
-0.044966 -0.055375
-0.045474 -0.055364
-0.045981 -0.055350
-0.046485 -0.055335
-0.046989 -0.055317
-0.047490 -0.055298
-0.047990 -0.055277
-0.048488 -0.055254
-0.048985 -0.055229
-0.049480 -0.055202
-0.049973 -0.055174
-0.050465 -0.055143
-0.050955 -0.055111
-0.051444 -0.055078
-0.051931 -0.055042
-0.052416 -0.055005
-0.052900 -0.054967
-0.053382 -0.054926
-0.053863 -0.054884
-0.054342 -0.054841
-0.054820 -0.054796
-0.055296 -0.054749
-0.055771 -0.054701
-0.056244 -0.054651
-0.056715 -0.054600
-0.057185 -0.054547
-0.057654 -0.054493
-0.058121 -0.054438
-0.058586 -0.054381
-0.059050 -0.054322
-0.059513 -0.054263
-0.059973 -0.054202
-0.060433 -0.054139
-0.060891 -0.054075
-0.061347 -0.054010
-0.061803 -0.053944
-0.062256 -0.053876
-0.062708 -0.053808
-0.063159 -0.053738
-0.063608 -0.053666
-0.064056 -0.053594
-0.064502 -0.053520
-0.064947 -0.053445
-0.065391 -0.053369
-0.065833 -0.053292
-0.066274 -0.053213
-0.066713 -0.053134
-0.067151 -0.053053
-0.067587 -0.052971
-0.068022 -0.052888
-0.068456 -0.052804
-0.068888 -0.052719
-0.069319 -0.052633
-0.069749 -0.052546
-0.070177 -0.052458
-0.070604 -0.052369
-0.071029 -0.052279
-0.071453 -0.052187
-0.071876 -0.052095
-0.072297 -0.052002
-0.072717 -0.051908
-0.073136 -0.051813
-0.073553 -0.051717
-0.073969 -0.051620
-0.074384 -0.051522
-0.074798 -0.051423
-0.075210 -0.051324
-0.075620 -0.051223
-0.076030 -0.051122
-0.076438 -0.051019
-0.076845 -0.050916
-0.077251 -0.050812
-0.077655 -0.050707
-0.078058 -0.050602
-0.078460 -0.050495
-0.078860 -0.050388
-0.079259 -0.050280
-0.079657 -0.050171
-0.080054 -0.050061
-0.080450 -0.049950
-0.080844 -0.049839
-0.081237 -0.049727
-0.081628 -0.049614
-0.082019 -0.049500
-0.082408 -0.049386
-0.082796 -0.049271
-0.083183 -0.049155
-0.083568 -0.049038
-0.083953 -0.048921
-0.084336 -0.048803
-0.084718 -0.048685
-0.085098 -0.048565
-0.085478 -0.048445
-0.085856 -0.048324
-0.086233 -0.048203
-0.086609 -0.048081
-0.086984 -0.047958
-0.087357 -0.047835
-0.087730 -0.047711
-0.088101 -0.047586
-0.088471 -0.047461
-0.088840 -0.047335
-0.089207 -0.047208
-0.089574 -0.047081
-0.089939 -0.046953
-0.090303 -0.046825
-0.090666 -0.046696
-0.091028 -0.046566
-0.091389 -0.046436
-0.091749 -0.046305
-0.092107 -0.046174
-0.092464 -0.046042
-0.092821 -0.045910
-0.093176 -0.045777
-0.093530 -0.045643
-0.093883 -0.045509
-0.094234 -0.045374
-0.094585 -0.045239
-0.094934 -0.045104
-0.095283 -0.044967
-0.095630 -0.044831
-0.095976 -0.044693
-0.096321 -0.044556
-0.096665 -0.044417
-0.097008 -0.044278
-0.097350 -0.044139
-0.097691 -0.043999
-0.098030 -0.043859
-0.098369 -0.043718
-0.098706 -0.043577
-0.099043 -0.043435
-0.099378 -0.043293
-0.099712 -0.043151
-0.100045 -0.043008
-0.100378 -0.042864
-0.100709 -0.042720
-0.101039 -0.042576
-0.101368 -0.042431
-0.101696 -0.042285
-0.102022 -0.042139
-0.102348 -0.041993
-0.102673 -0.041847
-0.102997 -0.041700
-0.103320 -0.041552
-0.103641 -0.041404
-0.103962 -0.041256
-0.104282 -0.041107
-0.104600 -0.040958
-0.104918 -0.040809
-0.105234 -0.040659
-0.105550 -0.040508
-0.105864 -0.040358
-0.106178 -0.040207
-0.106490 -0.040055
-0.106802 -0.039903
-0.107112 -0.039751
-0.107422 -0.039598
-0.107730 -0.039446
-0.108038 -0.039292
-0.108344 -0.039139
-0.108650 -0.038984
-0.108954 -0.038830
-0.109258 -0.038675
-0.109560 -0.038520
-0.109862 -0.038365
-0.110163 -0.038209
-0.110462 -0.038053
-0.110761 -0.037896
-0.111058 -0.037740
-0.111355 -0.037582
-0.111651 -0.037425
-0.111946 -0.037267
-0.112239 -0.037109
-0.112532 -0.036951
-0.112824 -0.036792
-0.113115 -0.036633
-0.113405 -0.036474
-0.113694 -0.036314
-0.113982 -0.036154
-0.114269 -0.035994
-0.114555 -0.035833
-0.114840 -0.035672
-0.115125 -0.035511
-0.115408 -0.035350
-0.115690 -0.035188
-0.115972 -0.035026
-0.116252 -0.034864
-0.116532 -0.034701
-0.116811 -0.034538
-0.117088 -0.034375
-0.117365 -0.034212
-0.117641 -0.034048
-0.117916 -0.033884
-0.118190 -0.033720
-0.118463 -0.033556
-0.118736 -0.033391
-0.119007 -0.033226
-0.119277 -0.033061
-0.119547 -0.032895
-0.119815 -0.032730
-0.120083 -0.032564
-0.120350 -0.032397
-0.120616 -0.032231
-0.120881 -0.032064
-0.121145 -0.031897
-0.121408 -0.031730
-0.121670 -0.031563
-0.121931 -0.031395
-0.122192 -0.031227
-0.122452 -0.031059
-0.122710 -0.030891
-0.122968 -0.030722
-0.123225 -0.030553
-0.123481 -0.030384
-0.123736 -0.030215
-0.123991 -0.030046
-0.124244 -0.029876
-0.124497 -0.029706
-0.124748 -0.029536
-0.124999 -0.029366
-0.125249 -0.029196
-0.125498 -0.029025
-0.125746 -0.028854
-0.125994 -0.028683
-0.126240 -0.028512
-0.126486 -0.028340
-0.126730 -0.028169
-0.126974 -0.027997
-0.127217 -0.027825
-0.127459 -0.027653
-0.127701 -0.027480
-0.127941 -0.027308
-0.128181 -0.027135
-0.128420 -0.026962
-0.128658 -0.026789
-0.128895 -0.026616
-0.129131 -0.026442
-0.129366 -0.026268
-0.129601 -0.026095
-0.129835 -0.025921
-0.130067 -0.025746
-0.130299 -0.025572
-0.130531 -0.025398
-0.130761 -0.025223
-0.130990 -0.025048
-0.131219 -0.024873
-0.131447 -0.024698
-0.131674 -0.024523
-0.131900 -0.024347
-0.132126 -0.024172
-0.132350 -0.023996
-0.132574 -0.023820
-0.132797 -0.023644
-0.133019 -0.023468
-0.133240 -0.023292
-0.133461 -0.023115
-0.133680 -0.022939
-0.133899 -0.022762
-0.134117 -0.022585
-0.134334 -0.022408
-0.134551 -0.022231
-0.134766 -0.022054
-0.134981 -0.021876
-0.135195 -0.021699
-0.135408 -0.021521
-0.135620 -0.021343
-0.135832 -0.021165
-0.136043 -0.020987
-0.136253 -0.020809
-0.136462 -0.020631
-0.136670 -0.020452
-0.136878 -0.020274
-0.137084 -0.020095
-0.137290 -0.019916
-0.137496 -0.019737
-0.137700 -0.019558
-0.137903 -0.019379
-0.138106 -0.019200
-0.138308 -0.019021
-0.138509 -0.018841
-0.138710 -0.018662
-0.138909 -0.018482
-0.139108 -0.018302
-0.139306 -0.018122
-0.139504 -0.017942
-0.139700 -0.017762
-0.139896 -0.017582
-0.140091 -0.017402
-0.140285 -0.017221
-0.140478 -0.017041
-0.140671 -0.016860
-0.140863 -0.016680
-0.141054 -0.016499
-0.141244 -0.016318
-0.141434 -0.016137
-0.141622 -0.015956
-0.141810 -0.015775
-0.141997 -0.015594
-0.142184 -0.015413
-0.142370 -0.015231
-0.142554 -0.015050
-0.142739 -0.014868
-0.142922 -0.014687
-0.143105 -0.014505
-0.143286 -0.014323
-0.143467 -0.014142
-0.143648 -0.013960
-0.143827 -0.013778
-0.144006 -0.013596
-0.144184 -0.013413
-0.144361 -0.013231
-0.144538 -0.013049
-0.144714 -0.012867
-0.144889 -0.012684
-0.145063 -0.012502
-0.145237 -0.012319
-0.145409 -0.012137
-0.145581 -0.011954
-0.145753 -0.011771
-0.145923 -0.011589
-0.146093 -0.011406
-0.146262 -0.011223
-0.146430 -0.011040
-0.146598 -0.010857
-0.146765 -0.010674
-0.146931 -0.010491
-0.147096 -0.010308
-0.147261 -0.010124
-0.147424 -0.009941
-0.147588 -0.009758
-0.147750 -0.009574
-0.147912 -0.009391
-0.148072 -0.009208
-0.148233 -0.009024
-0.148392 -0.008841
-0.148551 -0.008657
-0.148709 -0.008473
-0.148866 -0.008290
-0.149022 -0.008106
-0.149178 -0.007922
-0.149333 -0.007738
-0.149487 -0.007555
-0.149641 -0.007371
-0.149794 -0.007187
-0.149946 -0.007003
-0.150097 -0.006819
-0.150248 -0.006635
-0.150398 -0.006451
-0.150547 -0.006267
-0.150696 -0.006083
-0.150843 -0.005898
-0.150990 -0.005714
-0.151137 -0.005530
-0.151282 -0.005346
-0.151427 -0.005162
-0.151571 -0.004977
-0.151715 -0.004793
-0.151857 -0.004609
-0.151999 -0.004424
-0.152141 -0.004240
-0.152281 -0.004056
-0.152421 -0.003871
-0.152560 -0.003687
-0.152699 -0.003502
-0.152836 -0.003318
-0.152973 -0.003134
-0.153110 -0.002949
-0.153245 -0.002765
-0.153380 -0.002580
-0.153514 -0.002396
-0.153648 -0.002211
-0.153780 -0.002027
-0.153912 -0.001842
-0.154044 -0.001657
-0.154174 -0.001473
-0.154304 -0.001288
-0.154433 -0.001104
-0.154562 -0.000919
-0.154690 -0.000735
-0.154817 -0.000550
-0.154943 -0.000365
-0.155069 -0.000181
-0.155194 0.000004
-0.155318 0.000188
-0.155442 0.000373
-0.155564 0.000558
-0.155687 0.000742
-0.155808 0.000927
-0.155929 0.001111
-0.156049 0.001296
-0.156168 0.001480
-0.156287 0.001665
-0.156405 0.001850
-0.156522 0.002034
-0.156639 0.002219
-0.156755 0.002403
-0.156870 0.002588
-0.156984 0.002772
-0.157098 0.002957
-0.157211 0.003141
-0.157324 0.003326
-0.157435 0.003510
-0.157547 0.003694
-0.157657 0.003879
-0.157767 0.004063
-0.157875 0.004248
-0.157984 0.004432
-0.158091 0.004616
-0.158198 0.004801
-0.158304 0.004985
-0.158410 0.005169
-0.158515 0.005354
-0.158619 0.005538
-0.158722 0.005722
-0.158825 0.005906
-0.158927 0.006090
-0.159029 0.006274
-0.159129 0.006459
-0.159229 0.006643
-0.159329 0.006827
-0.159427 0.007011
-0.159525 0.007195
-0.159623 0.007379
-0.159719 0.007563
-0.159815 0.007747
-0.159910 0.007930
-0.160005 0.008114
-0.160099 0.008298
-0.160192 0.008482
-0.160285 0.008665
-0.160376 0.008849
-0.160468 0.009033
-0.160558 0.009216
-0.160648 0.009400
-0.160737 0.009584
-0.160825 0.009767
-0.160913 0.009950
-0.161000 0.010134
-0.161087 0.010317
-0.161172 0.010501
-0.161258 0.010684
-0.161342 0.010867
-0.161426 0.011050
-0.161509 0.011233
-0.161591 0.011417
-0.161673 0.011600
-0.161754 0.011783
-0.161834 0.011966
